,22,23
0,0,0
1,0,0
2,0,0
3,0,0
4,0,10
5,0,0
6,0,0
7,0,0
8,0,0
9,0,0
10,0,0
11,0,0
12,0,0
13,0,0
14,0,0
15,0,0
16,0,0
17,0,0
18,0,0
19,0,0
20,0,0
21,0,0
22,3,0
23,0,0
24,0,0
25,0,0
26,0,0
27,0,0
28,0,0
29,0,0
30,0,0
31,0,0
32,0,0
33,0,0
34,0,4
35,0,0
36,0,0
37,0,0
38,0,9
39,0,18
40,0,0
41,0,0
42,0,0
43,0,0
44,0,0
45,0,0
46,0,0
47,0,0
48,0,0
49,0,0
50,0,0
51,3,0
52,0,0
53,0,3
54,0,0
55,0,0
56,0,0
57,0,0
58,0,0
59,0,0
60,8,0
61,5,14
62,12,23
63,0,0
64,0,0
65,0,7
66,1,0
67,2,12
68,20,2
69,0,0
70,0,0
71,0,0
72,0,0
73,0,0
74,0,0
75,0,0
76,0,0
77,9,2
78,0,0
79,0,0
80,0,0
81,14,10
82,0,3
83,0,0
84,0,0
85,0,0
86,0,0
87,11,10
88,0,0
89,0,0
90,0,0
91,0,0
92,0,0
93,0,0
94,0,7
95,0,0
96,0,0
97,0,11
98,0,0
99,0,0
100,0,0
101,0,0
102,0,0
103,0,0
104,0,0
105,0,0
106,0,0
107,0,0
108,0,0
109,0,0
110,0,0
111,0,0
112,0,0
113,0,0
114,0,0
115,0,0
116,0,0
117,0,0
118,0,0
119,0,0
120,0,0
121,0,0
122,0,0
123,0,0
124,0,0
125,0,0
126,0,0
127,0,0
128,0,0
129,0,0
130,0,0
131,0,0
132,0,0
133,0,0
134,0,0
135,0,0
136,0,0
137,0,0
138,0,0
139,0,0
140,0,0
141,4,0
142,3,0
143,0,0
144,0,0
145,1,2
146,0,15
147,3,0
148,16,0
149,0,0
150,0,0
151,23,0
152,4,0
153,0,0
154,0,0
155,0,0
156,0,0
157,0,0
158,5,0
159,0,0
160,0,0
161,11,0
162,0,0
163,0,0
164,0,0
165,0,0
166,0,15
167,0,0
168,0,0
169,0,0
170,0,3
171,0,2
172,5,29
173,0,0
174,0,0
175,15,0
176,0,0
177,1,0
178,0,0
179,3,0
180,34,0
181,0,0
182,0,0
183,0,28
184,0,0
185,0,0
186,0,38
187,5,0
188,0,2
189,0,2
190,0,0
191,0,0
192,0,0
193,7,8
194,1,0
195,4,0
196,0,0
197,19,0
198,0,9
199,0,0
200,0,0
201,1,0
202,0,0
203,0,0
204,0,0
205,0,0
206,0,0
207,0,0
208,0,0
209,0,0
210,0,0
211,0,0
212,10,0
213,0,0
214,0,0
215,0,0
216,0,0
217,0,0
218,0,0
219,0,0
220,0,0
221,0,0
222,0,0
223,0,0
224,0,0
225,0,0
226,0,0
227,0,0
228,0,0
229,0,0
230,0,0
231,0,0
232,0,0
233,0,0
234,0,0
235,0,0
236,0,0
237,0,0
238,0,0
239,0,0
240,0,0
241,0,0
242,0,0
243,0,0
244,0,0
245,0,0
246,0,0
247,0,0
248,0,0
249,0,0
250,0,0
251,0,0
252,0,0
253,0,0
254,0,0
255,0,0
256,0,0
257,0,0
258,0,0
259,0,0
260,0,0
261,8,0
262,0,1
263,2,0
264,5,2
265,0,0
266,0,0
267,0,0
268,2,0
269,0,0
270,0,8
271,0,0
272,0,0
273,0,0
274,0,0
275,0,0
276,0,0
277,0,0
278,0,0
279,0,0
280,0,2
281,0,0
282,0,0
283,0,0
284,19,0
285,0,23
286,0,0
287,0,0
288,0,0
289,4,0
290,1,0
291,0,0
292,0,0
293,1,0
294,0,5
295,7,0
296,0,0
297,0,0
298,0,0
299,14,0
300,0,0
301,0,0
302,0,12
303,0,0
304,0,0
305,0,0
306,8,0
307,0,0
308,0,0
309,0,0
310,0,0
311,0,0
312,0,0
313,0,0
314,6,0
315,2,0
316,0,0
317,0,0
318,0,0
319,0,0
320,0,0
321,0,0
322,0,0
323,0,0
324,0,0
325,0,0
326,0,0
327,0,0
328,8,0
329,0,0
330,0,0
331,0,0
332,6,0
333,0,0
334,0,0
335,0,0
336,3,0
337,0,0
338,0,0
339,0,0
340,28,0
341,0,0
342,9,0
343,0,0
344,0,1
345,0,0
346,0,0
347,0,0
348,7,0
349,6,0
350,0,0
351,7,0
352,0,0
353,13,0
354,0,0
355,3,0
356,0,0
357,0,0
358,0,0
359,0,7
360,0,11
361,1,0
362,0,0
363,0,0
364,8,10
365,0,1
366,0,0
367,1,3
368,3,0
369,9,0
370,0,0
371,6,3
372,7,0
373,14,3
374,0,0
375,0,0
376,8,0
377,17,0
378,3,17
379,0,2
380,5,19
381,12,0
382,3,7
383,25,0
384,6,2
385,0,19
386,31,0
387,2,0
388,47,27
389,51,2
390,7,6
391,0,32
392,31,2
393,15,47
394,12,0
395,7,9
396,0,0
397,33,7
398,0,0
399,16,10
400,14,0
401,1,31
402,3,2
403,13,9
404,35,53
405,6,4
406,11,3
407,22,29
408,40,1
409,16,12
410,1,13
411,0,26
412,6,0
413,0,3
414,0,0
415,14,11
416,10,36
417,0,0
418,3,0
419,0,17
420,14,14
421,26,26
422,11,0
423,27,3
424,8,0
425,3,59
426,9,17
427,6,10
428,7,8
429,1,2
430,7,0
431,5,0
432,9,17
433,0,0
434,4,20
435,7,0
436,23,0
437,32,0
438,19,1
439,12,0
440,13,44
441,6,0
442,22,0
443,3,9
444,1,0
445,0,8
446,13,12
447,11,3
448,14,0
449,23,21
450,7,36
451,5,1
452,13,0
453,14,2
454,15,3
455,5,8
456,6,0
457,0,14
458,3,1
459,33,29
460,9,0
461,9,0
462,6,0
463,0,0
464,8,6
465,2,11
466,3,21
467,9,5
468,19,4
469,9,13
470,17,2
471,4,10
472,0,1
473,4,11
474,9,34
475,17,23
476,0,1
477,19,12
478,12,3
479,0,0
480,0,4
481,15,8
482,13,5
483,15,6
484,5,1
485,0,0
486,19,2
487,10,0
488,0,31
489,0,37
490,4,0
491,21,4
492,0,15
493,17,20
494,0,0
495,6,43
496,4,4
497,24,10
498,17,56
499,54,35
500,0,4
501,8,6
502,8,13
503,4,0
504,1,0
505,11,42
506,1,2
507,10,3
508,8,6
509,9,0
510,3,0
511,12,0
512,6,15
513,18,9
514,10,56
515,8,30
516,4,0
517,17,35
518,27,10
519,10,16
520,0,7
521,13,0
522,19,19
523,6,4
524,3,0
525,14,0
526,4,0
527,0,0
528,21,0
529,1,11
530,7,5
531,18,0
532,32,0
533,3,16
534,0,0
535,8,0
536,0,9
537,2,13
538,0,19
539,10,0
540,16,25
541,22,23
542,12,9
543,8,2
544,5,3
545,13,2
546,20,0
547,25,55
548,10,46
549,3,6
550,22,5
551,10,0
552,7,14
553,7,25
554,1,8
555,12,8
556,26,6
557,20,71
558,19,15
559,28,5
560,0,38
561,15,2
562,0,0
563,10,0
564,3,3
565,5,0
566,0,1
567,9,2
568,0,16
569,0,0
570,9,0
571,3,7
572,1,11
573,0,0
574,22,2
575,0,0
576,0,3
577,3,17
578,23,28
579,0,0
580,0,0
581,0,0
582,0,0
583,0,0
584,0,0
585,0,0
586,0,0
587,0,0
588,0,0
589,0,0
590,0,0
591,0,0
592,0,0
593,0,0
594,0,0
595,0,0
596,0,0
597,0,0
598,0,0
599,0,0
600,18,0
601,0,0
602,11,0
603,22,0
604,0,0
605,14,0
606,0,3
607,0,36
608,0,0
609,0,0
610,0,5
611,6,4
612,0,0
613,2,0
614,0,0
615,0,0
616,0,0
617,0,0
618,0,0
619,5,7
620,1,0
621,0,0
622,0,0
623,1,7
624,0,0
625,0,3
626,0,0
627,8,0
628,6,0
629,20,1
630,2,0
631,0,0
632,0,2
633,0,0
634,0,0
635,0,0
636,0,0
637,0,0
638,0,0
639,0,0
640,0,0
641,0,0
642,0,0
643,0,0
644,0,0
645,0,0
646,0,0
647,0,0
648,0,0
649,0,0
650,0,0
651,0,0
652,2,0
653,0,0
654,0,0
655,0,0
656,0,0
657,0,0
658,0,0
659,0,0
660,2,0
661,3,0
662,31,41
663,0,0
664,3,9
665,0,0
666,0,0
667,0,0
668,2,7
669,8,0
670,0,0
671,0,0
672,0,0
673,0,0
674,0,0
675,12,0
676,0,0
677,0,0
678,4,5
679,12,0
680,0,2
681,0,23
682,6,0
683,0,0
684,0,22
685,0,0
686,0,25
687,9,0
688,5,20
689,15,32
690,0,0
691,0,0
692,0,1
693,9,0
694,6,0
695,0,0
696,0,0
697,10,0
698,0,0
699,0,26
700,25,3
701,0,4
702,13,22
703,9,18
704,2,0
705,5,0
706,0,0
707,3,0
708,4,12
709,0,0
710,3,0
711,11,1
712,1,0
713,2,14
714,10,14
715,0,0
716,0,0
717,15,0
718,1,1
719,17,0
720,10,0
721,4,0
722,0,0
723,15,0
724,17,7
725,0,0
726,0,5
727,0,0
728,3,7
729,0,0
730,0,0
731,1,0
732,0,0
733,0,0
734,0,0
735,0,0
736,0,0
737,0,0
738,11,0
739,0,0
740,0,0
741,0,22
742,33,7
743,25,21
744,0,4
745,0,0
746,3,19
747,13,1
748,22,26
749,2,14
750,4,9
751,54,76
752,0,44
753,7,0
754,0,8
755,17,0
756,0,0
757,0,5
758,29,33
759,4,41
760,0,0
761,2,24
762,0,0
763,0,0
764,14,6
765,0,3
766,0,0
767,20,0
768,3,0
769,0,0
770,0,0
771,0,0
772,0,4
773,0,0
774,0,0
775,11,0
776,2,1
777,0,0
778,0,0
779,4,12
780,0,0
781,0,0
782,0,0
783,2,0
784,0,0
785,0,0
786,0,0
787,0,3
788,0,0
789,0,0
790,0,0
791,0,0
792,0,0
793,0,0
794,0,0
795,0,0
796,3,0
797,0,0
798,0,0
799,0,0
800,0,0
801,0,0
802,0,0
803,0,0
804,0,0
805,0,0
806,0,0
807,0,0
808,0,0
809,0,0
810,0,0
811,0,0
812,0,0
813,0,0
814,0,0
815,0,0
816,0,0
817,0,0
818,0,0
819,0,0
820,0,1
821,0,0
822,0,0
823,0,0
824,0,0
825,0,0
826,0,0
827,0,0
828,0,0
829,0,0
830,0,0
831,0,0
832,0,0
833,0,0
834,0,0
835,0,0
836,0,0
837,0,4
838,0,0
839,0,0
840,0,0
841,0,0
842,0,0
843,0,0
844,0,0
845,0,0
846,0,0
847,0,0
848,2,0
849,0,0
850,0,0
851,0,0
852,0,0
853,0,0
854,0,0
855,0,0
856,0,0
857,0,0
858,1,0
859,0,0
860,0,0
861,0,0
862,0,0
863,0,0
864,0,0
865,0,0
866,0,0
867,0,0
868,0,0
869,0,0
870,0,0
871,0,0
872,0,0
873,0,0
874,0,0
875,0,0
876,0,0
877,0,0
878,0,0
879,0,0
880,0,0
881,0,0
882,0,0
883,0,0
884,0,0
885,0,0
886,0,0
887,0,0
888,0,0
889,0,0
890,0,0
891,0,0
892,0,0
893,0,0
894,0,0
895,1,0
896,0,0
897,0,0
898,0,0
899,0,0
900,0,0
901,3,0
902,0,0
903,0,0
904,0,0
905,0,0
906,0,0
907,0,0
908,0,0
909,0,0
910,0,0
911,0,0
912,0,0
913,0,0
914,0,0
915,0,0
916,0,0
917,0,0
918,0,0
919,0,0
920,6,0
921,0,0
922,0,0
923,0,0
924,0,0
925,0,0
926,0,0
927,0,0
928,0,0
929,0,0
930,0,0
931,0,0
932,0,0
933,0,0
934,0,0
935,16,0
936,0,0
937,0,0
938,0,0
939,0,0
940,0,0
941,0,0
942,0,0
943,4,0
944,0,0
945,0,0
946,0,0
947,0,0
948,0,0
949,7,0
950,0,0
951,0,0
952,0,0
953,0,0
954,0,0
955,0,0
956,0,0
957,0,0
958,0,0
959,0,0
960,0,0
961,0,2
962,0,0
963,0,0
964,0,0
965,0,0
966,0,0
967,0,0
968,0,0
969,0,0
970,0,0
971,0,0
972,0,0
973,0,0
974,0,0
975,0,0
976,0,0
977,0,0
978,6,0
979,0,0
980,0,0
981,0,0
982,0,0
983,0,0
984,0,0
985,0,0
986,0,0
987,0,0
988,0,0
989,0,0
990,0,0
991,0,0
992,0,0
993,0,0
994,0,0
995,0,0
996,0,0
997,0,0
998,0,0
999,0,0
1000,0,0
1001,0,0
1002,0,0
1003,0,0
1004,0,0
1005,0,0
1006,0,0
1007,0,0
1008,0,0
1009,0,0
1010,0,0
1011,0,0
1012,0,0
1013,0,0
1014,0,0
1015,0,0
1016,0,0
1017,0,0
1018,4,0
1019,0,0
1020,0,0
1021,0,0
1022,0,0
1023,0,0
1024,0,0
1025,0,0
1026,0,0
1027,0,0
1028,0,0
1029,0,0
1030,0,0
1031,0,0
1032,0,0
1033,0,0
1034,0,0
1035,0,0
1036,0,0
1037,0,0
1038,0,0
1039,0,0
1040,15,24
1041,0,0
1042,0,23
1043,0,0
1044,3,0
1045,2,0
1046,0,0
1047,1,2
1048,0,0
1049,0,0
1050,0,0
1051,0,0
1052,0,3
1053,0,0
1054,0,0
1055,0,6
1056,0,0
1057,17,0
1058,0,0
1059,0,0
1060,18,0
1061,8,5
1062,0,0
1063,8,0
1064,0,0
1065,0,0
1066,14,46
1067,1,0
1068,0,24
1069,5,0
1070,0,0
1071,3,0
1072,0,6
1073,25,6
1074,8,0
1075,0,0
1076,0,0
1077,7,0
1078,1,0
1079,8,0
1080,0,0
1081,0,0
1082,17,10
1083,0,0
1084,0,1
1085,0,0
1086,0,0
1087,0,0
1088,4,76
1089,0,0
1090,0,0
1091,0,0
1092,0,0
1093,0,0
1094,3,0
1095,0,0
1096,0,0
1097,13,0
1098,0,0
1099,3,26
1100,0,0
1101,0,0
1102,0,0
1103,0,0
1104,0,0
1105,0,0
1106,0,0
1107,0,0
1108,0,0
1109,0,0
1110,0,0
1111,0,0
1112,0,0
1113,0,0
1114,0,0
1115,0,0
1116,0,0
1117,0,0
1118,0,0
1119,0,0
1120,0,0
1121,0,0
1122,0,0
1123,0,0
1124,0,0
1125,0,0
1126,0,0
1127,0,0
1128,0,0
1129,0,0
1130,0,0
1131,0,0
1132,0,0
1133,0,0
1134,0,0
1135,0,0
1136,0,0
1137,0,0
1138,0,0
1139,0,0
1140,0,0
1141,0,0
1142,0,0
1143,0,0
1144,0,0
1145,0,0
1146,0,0
1147,0,0
1148,0,0
1149,0,0
1150,0,0
1151,0,0
1152,0,0
1153,0,0
1154,0,0
1155,0,0
1156,0,0
1157,0,0
1158,0,0
1159,0,0
1160,0,0
1161,0,0
1162,0,0
1163,0,0
1164,0,0
1165,0,0
1166,0,0
1167,0,0
1168,0,0
1169,0,0
1170,0,0
1171,0,0
1172,0,0
1173,0,0
1174,0,0
1175,0,0
1176,0,0
1177,0,0
1178,0,0
1179,0,0
1180,0,0
1181,0,0
1182,0,0
1183,0,0
1184,0,0
1185,0,0
1186,0,0
1187,0,0
1188,0,0
1189,0,0
1190,0,0
1191,0,0
1192,0,0
1193,0,0
1194,0,0
1195,0,0
1196,0,0
1197,0,0
1198,0,0
1199,0,0
1200,0,0
1201,0,0
1202,0,0
1203,0,0
1204,0,0
1205,0,0
1206,0,0
1207,0,0
1208,0,0
1209,0,0
1210,0,0
1211,0,0
1212,0,0
1213,0,0
1214,0,0
1215,0,2
1216,0,0
1217,0,0
1218,0,0
1219,0,0
1220,0,0
1221,0,0
1222,0,0
1223,0,0
1224,0,0
1225,0,0
1226,0,0
1227,0,0
1228,0,0
1229,0,0
1230,0,0
1231,0,0
1232,0,0
1233,0,0
1234,0,0
1235,0,0
1236,0,0
1237,0,0
1238,0,0
1239,0,0
1240,0,0
1241,0,0
1242,0,0
1243,0,0
1244,0,0
1245,0,0
1246,0,0
1247,0,0
1248,0,0
1249,0,0
1250,0,0
1251,0,0
1252,0,0
1253,0,0
1254,0,0
1255,0,0
1256,0,0
1257,0,0
1258,0,0
1259,0,0
1260,0,0
1261,0,1
1262,0,0
1263,0,0
1264,0,0
1265,0,0
1266,0,0
1267,0,0
1268,0,0
1269,0,0
1270,0,0
1271,0,0
1272,0,0
1273,0,0
1274,0,0
1275,0,0
1276,0,0
1277,0,0
1278,0,0
1279,0,0
1280,0,0
1281,0,0
1282,0,0
1283,0,0
1284,0,0
1285,0,0
1286,5,0
1287,0,0
1288,0,0
1289,0,0
1290,0,0
1291,0,0
1292,0,0
1293,0,0
1294,0,0
1295,0,3
1296,0,0
1297,0,0
1298,0,0
1299,0,0
1300,0,0
1301,0,0
1302,0,0
1303,0,0
1304,0,0
1305,0,0
1306,0,0
1307,0,0
1308,0,0
1309,0,0
1310,0,0
1311,0,0
1312,0,0
1313,0,0
1314,0,0
1315,0,0
1316,0,0
1317,0,0
1318,0,0
1319,0,0
1320,0,0
1321,0,0
1322,0,0
1323,0,0
1324,0,0
1325,0,0
1326,0,0
1327,0,0
1328,0,0
1329,0,0
1330,0,0
1331,0,0
1332,0,0
1333,0,0
1334,0,0
1335,0,0
1336,0,0
1337,0,0
1338,0,0
1339,0,0
1340,0,0
1341,0,0
1342,0,0
1343,0,0
1344,0,0
1345,0,0
1346,0,0
1347,0,0
1348,0,0
1349,0,0
1350,0,0
1351,0,12
1352,0,0
1353,0,0
1354,0,0
1355,0,0
1356,0,0
1357,0,0
1358,0,0
1359,0,0
1360,0,1
1361,1,0
1362,2,0
1363,0,0
1364,0,0
1365,1,11
1366,0,0
1367,0,0
1368,0,0
1369,0,0
1370,0,0
1371,0,0
1372,10,0
1373,0,0
1374,0,0
1375,0,0
1376,0,0
1377,0,19
1378,0,0
1379,0,0
1380,5,0
1381,0,0
1382,10,10
1383,0,0
1384,0,0
1385,0,0
1386,0,0
1387,17,0
1388,0,0
1389,0,0
1390,0,0
1391,0,0
1392,0,0
1393,0,0
1394,0,0
1395,0,11
1396,0,0
1397,0,0
1398,0,0
1399,0,0
1400,14,0
1401,0,0
1402,0,0
1403,0,0
1404,11,0
1405,2,6
1406,0,14
1407,10,0
1408,6,0
1409,1,0
1410,8,0
1411,0,0
1412,0,7
1413,0,0
1414,0,0
1415,0,0
1416,0,0
1417,0,0
1418,0,0
1419,13,20
1420,5,0
1421,0,0
1422,0,0
1423,3,0
1424,0,0
1425,1,0
1426,10,1
1427,11,0
1428,9,6
1429,0,1
1430,0,0
1431,0,0
1432,0,0
1433,0,0
1434,0,0
1435,7,0
1436,6,0
1437,0,0
1438,0,19
1439,4,0
1440,0,0
1441,0,0
1442,0,0
1443,2,0
1444,0,14
1445,15,0
1446,0,0
1447,0,17
1448,0,0
1449,0,0
1450,1,8
1451,0,0
1452,8,1
1453,9,0
1454,0,0
1455,0,2
1456,0,0
1457,0,15
1458,0,32
1459,0,0
1460,0,0
1461,0,0
1462,0,15
1463,5,0
1464,0,0
1465,0,0
1466,13,0
1467,5,0
1468,7,0
1469,0,0
1470,0,0
1471,1,0
1472,0,0
1473,7,0
1474,0,0
1475,0,0
1476,0,0
1477,7,11
1478,0,0
1479,5,0
1480,1,3
1481,12,7
1482,10,5
1483,12,0
1484,12,22
1485,7,0
1486,0,0
1487,3,3
1488,0,0
1489,5,0
1490,0,2
1491,2,24
1492,0,0
1493,0,16
1494,0,0
1495,0,4
1496,0,17
1497,0,2
1498,0,8
1499,8,0
1500,1,1
1501,26,1
1502,20,62
1503,8,0
1504,10,11
1505,12,15
1506,40,21
1507,22,22
1508,37,20
1509,5,12
1510,19,28
1511,15,27
1512,10,41
1513,46,0
1514,31,33
1515,0,0
1516,1,35
1517,9,0
1518,18,93
1519,25,9
1520,4,2
1521,2,0
1522,48,0
1523,21,1
1524,4,15
1525,0,26
1526,16,21
1527,30,0
1528,6,3
1529,1,0
1530,9,8
1531,6,4
1532,0,50
1533,13,1
1534,0,11
1535,0,26
1536,1,0
1537,0,0
1538,6,5
1539,12,6
1540,0,0
1541,0,0
1542,3,0
1543,1,0
1544,0,0
1545,0,0
1546,0,0
1547,0,0
1548,0,0
1549,0,0
1550,0,0
1551,0,0
1552,0,0
1553,0,4
1554,0,0
1555,0,0
1556,12,0
1557,0,0
1558,0,0
1559,0,0
1560,0,0
1561,2,0
1562,0,0
1563,0,0
1564,0,0
1565,0,1
1566,7,48
1567,1,0
1568,0,1
1569,0,0
1570,0,0
1571,17,0
1572,0,0
1573,0,3
1574,0,0
1575,2,12
1576,3,11
1577,26,0
1578,3,11
1579,7,18
1580,0,1
1581,0,0
1582,17,6
1583,0,3
1584,0,0
1585,0,11
1586,1,4
1587,0,0
1588,2,35
1589,26,0
1590,15,0
1591,30,0
1592,3,0
1593,10,0
1594,0,0
1595,9,12
1596,0,0
1597,5,8
1598,0,0
1599,11,77
1600,0,0
1601,0,0
1602,0,0
1603,0,0
1604,0,0
1605,0,0
1606,0,0
1607,0,0
1608,0,0
1609,0,0
1610,0,0
1611,0,0
1612,0,0
1613,0,0
1614,0,0
1615,4,0
1616,0,0
1617,0,0
1618,0,0
1619,0,0
1620,4,21
1621,3,1
1622,0,0
1623,17,0
1624,16,0
1625,2,10
1626,0,0
1627,30,0
1628,15,7
1629,0,5
1630,18,3
1631,3,15
1632,13,13
1633,5,21
1634,4,2
1635,29,24
1636,8,0
1637,2,1
1638,11,2
1639,5,0
1640,27,9
1641,7,0
1642,7,0
1643,0,1
1644,7,13
1645,9,2
1646,0,0
1647,31,20
1648,19,12
1649,6,0
1650,4,0
1651,36,0
1652,2,0
1653,1,2
1654,0,0
1655,12,2
1656,23,0
1657,15,1
1658,6,0
1659,1,1
1660,0,0
1661,0,0
1662,0,0
1663,0,0
1664,0,0
1665,0,0
1666,0,0
1667,0,0
1668,0,0
1669,0,0
1670,0,0
1671,0,0
1672,0,0
1673,0,0
1674,0,0
1675,0,0
1676,0,0
1677,0,0
1678,0,0
1679,0,0
1680,13,26
1681,0,8
1682,23,3
1683,23,2
1684,16,8
1685,19,8
1686,51,3
1687,12,19
1688,11,15
1689,12,20
1690,12,15
1691,25,55
1692,32,17
1693,19,70
1694,48,33
1695,33,31
1696,1,12
1697,24,24
1698,64,4
1699,48,17
1700,30,3
1701,36,13
1702,23,21
1703,26,24
1704,14,79
1705,31,14
1706,5,5
1707,29,25
1708,8,75
1709,37,47
1710,17,49
1711,27,54
1712,38,14
1713,8,0
1714,26,5
1715,16,39
1716,43,73
1717,20,11
1718,37,51
1719,46,64
1720,7,0
1721,14,0
1722,6,4
1723,6,6
1724,3,7
1725,6,4
1726,0,0
1727,13,1
1728,24,57
1729,2,17
1730,25,14
1731,9,0
1732,4,42
1733,18,13
1734,11,13
1735,0,0
1736,0,8
1737,25,35
1738,1,75
1739,6,12
1740,0,0
1741,6,0
1742,1,0
1743,0,0
1744,6,0
1745,9,0
1746,1,0
1747,0,0
1748,0,0
1749,0,0
1750,0,0
1751,4,0
1752,0,13
1753,0,4
1754,23,5
1755,0,0
1756,0,0
1757,0,0
1758,0,0
1759,0,0
1760,0,14
1761,0,1
1762,0,0
1763,0,0
1764,0,0
1765,0,0
1766,0,0
1767,0,0
1768,0,0
1769,2,0
1770,0,0
1771,0,0
1772,0,13
1773,3,1
1774,0,0
1775,0,0
1776,0,0
1777,0,0
1778,13,0
1779,0,0
1780,0,0
1781,0,0
1782,0,0
1783,0,0
1784,0,0
1785,0,0
1786,0,0
1787,0,0
1788,14,0
1789,0,0
1790,0,0
1791,0,0
1792,0,0
1793,0,0
1794,0,0
1795,0,0
1796,0,0
1797,0,0
1798,0,0
1799,0,0
1800,0,0
1801,0,2
1802,0,0
1803,4,0
1804,0,7
1805,4,2
1806,0,0
1807,3,0
1808,0,1
1809,0,0
1810,6,0
1811,12,2
1812,0,0
1813,0,0
1814,10,0
1815,0,13
1816,0,0
1817,0,15
1818,0,10
1819,7,10
1820,11,0
1821,1,0
1822,1,0
1823,0,0
1824,4,0
1825,0,4
1826,0,0
1827,6,6
1828,5,21
1829,0,0
1830,0,8
1831,1,0
1832,4,0
1833,31,10
1834,13,0
1835,0,13
1836,0,0
1837,10,15
1838,13,51
1839,14,20
1840,17,17
1841,22,1
1842,0,20
1843,0,0
1844,0,0
1845,2,20
1846,4,0
1847,10,1
1848,9,28
1849,0,40
1850,0,0
1851,16,0
1852,1,0
1853,0,4
1854,2,0
1855,0,0
1856,0,0
1857,0,33
1858,0,0
1859,0,0
1860,0,0
1861,0,1
1862,0,0
1863,0,6
1864,11,32
1865,5,0
1866,0,0
1867,0,0
1868,0,10
1869,0,0
1870,2,0
1871,0,6
1872,0,0
1873,0,2
1874,0,0
1875,1,0
1876,0,0
1877,0,0
1878,0,0
1879,1,10
1880,20,0
1881,16,11
1882,2,0
1883,8,0
1884,0,0
1885,8,3
1886,0,4
1887,6,0
1888,0,0
1889,0,0
1890,0,0
1891,0,0
1892,0,0
1893,0,7
1894,0,1
1895,0,1
1896,0,8
1897,11,15
1898,26,1
1899,4,0
1900,11,21
1901,0,0
1902,7,0
1903,0,0
1904,0,21
1905,10,7
1906,0,0
1907,4,2
1908,0,0
1909,6,0
1910,2,10
1911,0,0
1912,7,0
1913,0,0
1914,0,0
1915,0,0
1916,5,1
1917,6,0
1918,16,0
1919,11,0
1920,19,0
1921,9,0
1922,2,3
1923,5,0
1924,1,2
1925,5,0
1926,0,0
1927,0,0
1928,0,0
1929,4,4
1930,0,0
1931,0,2
1932,7,0
1933,0,16
1934,0,0
1935,9,0
1936,0,0
1937,0,0
1938,0,42
1939,8,21
1940,0,0
1941,0,0
1942,0,14
1943,0,0
1944,1,0
1945,0,0
1946,0,38
1947,5,0
1948,4,0
1949,8,13
1950,0,0
1951,0,0
1952,14,9
1953,0,0
1954,0,7
1955,28,19
1956,0,0
1957,1,0
1958,0,0
1959,15,0
1960,15,6
1961,10,1
1962,17,39
1963,0,0
1964,1,2
1965,15,8
1966,0,0
1967,0,14
1968,9,19
1969,3,12
1970,0,0
1971,0,0
1972,0,0
1973,6,0
1974,0,11
1975,0,0
1976,0,0
1977,0,3
1978,2,0
1979,2,0
1980,21,0
1981,18,16
1982,0,7
1983,11,1
1984,5,6
1985,17,55
1986,22,12
1987,0,28
1988,31,19
1989,9,5
1990,18,0
1991,5,9
1992,24,0
1993,8,8
1994,40,28
1995,19,3
1996,12,5
1997,1,45
1998,12,8
1999,30,11
2000,0,34
2001,30,47
2002,22,23
2003,7,1
2004,16,1
2005,2,3
2006,5,0
2007,0,0
2008,0,21
2009,0,3
2010,4,17
2011,0,0
2012,5,2
2013,42,25
2014,0,0
2015,4,12
2016,9,11
2017,21,24
2018,29,0
2019,17,7
2020,4,0
2021,2,0
2022,0,0
2023,0,45
2024,0,0
2025,6,22
2026,22,0
2027,0,10
2028,6,14
2029,3,0
2030,0,0
2031,0,1
2032,0,3
2033,8,0
2034,14,9
2035,15,0
2036,0,0
2037,22,0
2038,2,0
2039,4,8
2040,0,0
2041,0,0
2042,0,0
2043,0,0
2044,5,0
2045,0,0
2046,0,7
2047,0,0
2048,0,0
2049,0,0
2050,0,0
2051,0,0
2052,0,0
2053,0,0
2054,0,0
2055,0,0
2056,0,0
2057,0,0
2058,0,0
2059,0,0
2060,6,0
2061,11,0
2062,0,0
2063,4,0
2064,0,0
2065,0,0
2066,9,24
2067,8,3
2068,0,0
2069,0,0
2070,0,0
2071,0,5
2072,0,0
2073,0,16
2074,0,0
2075,0,0
2076,0,0
2077,0,0
2078,0,0
2079,0,0
2080,0,0
2081,0,0
2082,0,0
2083,0,0
2084,0,0
2085,0,0
2086,0,0
2087,0,0
2088,0,0
2089,0,0
2090,0,0
2091,0,0
2092,0,0
2093,0,7
2094,0,0
2095,0,0
2096,0,0
2097,0,0
2098,0,0
2099,0,0
2100,2,0
2101,3,18
2102,0,0
2103,3,1
2104,0,0
2105,0,9
2106,0,0
2107,16,9
2108,0,0
2109,2,0
2110,0,0
2111,21,0
2112,5,0
2113,5,5
2114,1,0
2115,6,0
2116,0,0
2117,0,0
2118,0,0
2119,5,0
2120,0,0
2121,0,0
2122,0,0
2123,0,0
2124,0,0
2125,0,0
2126,0,0
2127,0,0
2128,0,0
2129,0,0
2130,0,0
2131,0,0
2132,0,0
2133,0,0
2134,0,0
2135,0,0
2136,0,0
2137,0,0
2138,0,0
2139,0,0
2140,0,27
2141,31,21
2142,1,0
2143,0,0
2144,0,0
2145,3,2
2146,3,29
2147,2,0
2148,0,0
2149,4,0
2150,0,0
2151,7,0
2152,0,0
2153,0,1
2154,0,0
2155,0,0
2156,0,0
2157,1,15
2158,4,0
2159,0,2
2160,6,0
2161,0,7
2162,0,0
2163,9,2
2164,15,13
2165,0,0
2166,10,0
2167,0,0
2168,5,4
2169,0,0
2170,0,0
2171,6,0
2172,0,0
2173,0,0
2174,0,30
2175,0,0
2176,0,3
2177,0,0
2178,0,6
2179,8,8
2180,0,1
2181,18,0
2182,1,0
2183,2,2
2184,7,0
2185,1,1
2186,4,0
2187,10,0
2188,0,0
2189,4,0
2190,0,0
2191,0,0
2192,0,6
2193,0,4
2194,16,0
2195,0,28
2196,0,0
2197,5,0
2198,1,15
2199,3,10
2200,1,0
2201,0,0
2202,0,12
2203,0,0
2204,0,0
2205,0,0
2206,0,0
2207,0,1
2208,0,5
2209,0,0
2210,0,0
2211,7,0
2212,0,0
2213,0,0
2214,0,0
2215,0,0
2216,0,0
2217,1,0
2218,0,0
2219,0,0
2220,0,0
2221,8,0
2222,0,25
2223,0,0
2224,2,0
2225,3,0
2226,4,0
2227,0,0
2228,2,13
2229,0,2
2230,0,6
2231,0,14
2232,0,0
2233,0,0
2234,0,0
2235,8,0
2236,2,0
2237,8,0
2238,19,0
2239,0,3
2240,0,0
2241,21,0
2242,0,0
2243,0,0
2244,0,0
2245,0,0
2246,0,3
2247,1,0
2248,6,0
2249,5,0
2250,0,0
2251,7,0
2252,0,0
2253,0,1
2254,0,0
2255,0,0
2256,0,0
2257,0,0
2258,0,13
2259,0,0
2260,0,0
2261,0,0
2262,0,2
2263,0,0
2264,1,0
2265,6,0
2266,0,0
2267,3,3
2268,11,0
2269,0,0
2270,0,0
2271,0,0
2272,0,0
2273,1,0
2274,0,0
2275,2,0
2276,2,0
2277,0,0
2278,8,0
2279,0,11
2280,0,0
2281,0,0
2282,0,0
2283,0,0
2284,0,0
2285,0,8
2286,11,0
2287,6,0
2288,0,0
2289,0,0
2290,0,0
2291,0,1
2292,0,0
2293,0,0
2294,0,0
2295,0,0
2296,0,0
2297,0,4
2298,0,0
2299,0,0
2300,0,0
2301,0,0
2302,0,0
2303,0,0
2304,0,0
2305,0,0
2306,0,0
2307,0,0
2308,0,0
2309,0,0
2310,0,0
2311,0,8
2312,0,3
2313,0,0
2314,0,0
2315,0,0
2316,3,0
2317,0,0
2318,0,0
2319,0,0
2320,5,0
2321,1,25
2322,8,13
2323,0,0
2324,1,0
2325,0,0
2326,0,0
2327,0,0
2328,0,4
2329,8,22
2330,0,0
2331,13,0
2332,0,0
2333,0,0
2334,0,0
2335,0,4
2336,0,0
2337,0,0
2338,27,0
2339,13,0
2340,0,0
2341,0,0
2342,8,0
2343,0,0
2344,18,0
2345,11,0
2346,0,0
2347,0,0
2348,0,4
2349,0,0
2350,0,0
2351,0,0
2352,0,0
2353,6,0
2354,0,0
2355,0,0
2356,0,0
2357,10,0
2358,3,0
2359,3,0
2360,13,21
2361,0,0
2362,27,14
2363,0,0
2364,0,0
2365,1,5
2366,0,0
2367,0,0
2368,0,0
2369,0,0
2370,0,0
2371,0,9
2372,0,0
2373,1,0
2374,0,0
2375,0,0
2376,0,0
2377,0,0
2378,0,7
2379,5,7
2380,0,0
2381,0,0
2382,0,0
2383,0,0
2384,2,0
2385,0,0
2386,0,0
2387,0,0
2388,0,0
2389,0,0
2390,0,0
2391,0,0
2392,0,0
2393,0,0
2394,0,0
2395,0,0
2396,0,0
2397,0,0
2398,0,0
2399,0,0
2400,0,0
2401,0,0
2402,0,0
2403,0,0
2404,0,0
2405,0,0
2406,0,0
2407,0,0
2408,0,0
2409,0,0
2410,0,0
2411,0,0
2412,0,0
2413,0,0
2414,0,0
2415,0,0
2416,0,0
2417,0,0
2418,0,0
2419,0,0
2420,0,0
2421,1,0
2422,0,0
2423,0,0
2424,0,0
2425,0,0
2426,0,0
2427,0,0
2428,0,0
2429,0,0
2430,0,25
2431,0,0
2432,0,0
2433,0,0
2434,0,0
2435,0,0
2436,0,0
2437,0,0
2438,0,0
2439,0,0
2440,0,0
2441,5,1
2442,0,0
2443,0,0
2444,12,0
2445,0,0
2446,0,0
2447,0,0
2448,0,0
2449,0,0
2450,0,0
2451,0,0
2452,0,0
2453,0,0
2454,0,0
2455,0,0
2456,0,0
2457,0,0
2458,0,0
2459,13,5
2460,9,2
2461,26,0
2462,5,22
2463,0,0
2464,0,0
2465,1,0
2466,0,0
2467,10,0
2468,7,0
2469,0,0
2470,0,0
2471,0,0
2472,0,0
2473,0,0
2474,0,0
2475,0,0
2476,0,3
2477,8,5
2478,1,0
2479,0,0
2480,4,0
2481,0,0
2482,0,0
2483,0,0
2484,0,0
2485,0,0
2486,0,0
2487,0,0
2488,0,0
2489,0,0
2490,0,0
2491,0,0
2492,0,0
2493,0,0
2494,0,0
2495,0,0
2496,0,0
2497,0,29
2498,0,0
2499,0,0
2500,21,4
2501,31,0
2502,16,23
2503,0,0
2504,14,0
2505,7,17
2506,1,30
2507,15,2
2508,1,0
2509,0,4
2510,0,0
2511,5,0
2512,21,7
2513,0,4
2514,0,0
2515,0,0
2516,0,0
2517,0,5
2518,25,18
2519,45,4
2520,0,33
2521,0,0
2522,7,0
2523,8,0
2524,0,0
2525,2,0
2526,0,0
2527,0,0
2528,0,0
2529,0,0
2530,0,0
2531,0,4
2532,0,0
2533,0,0
2534,0,0
2535,0,0
2536,0,0
2537,0,0
2538,5,0
2539,0,0
2540,0,8
2541,0,0
2542,0,0
2543,0,0
2544,0,0
2545,0,0
2546,0,0
2547,0,27
2548,2,0
2549,0,0
2550,0,0
2551,0,0
2552,0,0
2553,0,0
2554,0,0
2555,0,0
2556,0,0
2557,0,1
2558,3,16
2559,0,0
2560,0,1
2561,0,0
2562,0,0
2563,0,0
2564,0,0
2565,0,0
2566,0,0
2567,0,18
2568,0,0
2569,0,0
2570,0,0
2571,0,0
2572,0,0
2573,0,0
2574,0,0
2575,0,0
2576,0,0
2577,0,0
2578,0,0
2579,0,0
2580,0,0
2581,0,0
2582,0,0
2583,0,3
2584,0,0
2585,0,0
2586,0,0
2587,9,0
2588,0,0
2589,0,0
2590,2,0
2591,1,0
2592,0,0
2593,0,1
2594,0,0
2595,0,0
2596,0,0
2597,3,0
2598,0,0
2599,1,0
2600,0,0
2601,0,0
2602,0,0
2603,0,0
2604,0,0
2605,0,0
2606,0,0
2607,0,0
2608,3,0
2609,0,0
2610,0,0
2611,0,0
2612,0,0
2613,0,0
2614,0,0
2615,0,0
2616,0,0
2617,0,0
2618,0,0
2619,18,0
2620,0,0
2621,0,0
2622,0,0
2623,0,0
2624,0,0
2625,0,0
2626,0,0
2627,0,0
2628,0,0
2629,0,0
2630,0,7
2631,0,0
2632,0,0
2633,0,0
2634,0,0
2635,0,0
2636,0,0
2637,0,0
2638,0,0
2639,0,0
2640,0,0
2641,4,8
2642,0,0
2643,2,0
2644,0,0
2645,0,0
2646,4,0
2647,0,0
2648,1,0
2649,15,0
2650,0,0
2651,1,6
2652,0,0
2653,0,0
2654,0,0
2655,0,0
2656,0,0
2657,0,0
2658,0,0
2659,0,0
2660,0,0
2661,0,0
2662,0,0
2663,0,0
2664,0,0
2665,0,0
2666,0,0
2667,0,0
2668,0,0
2669,0,0
2670,0,0
2671,0,0
2672,0,0
2673,0,0
2674,0,0
2675,0,0
2676,0,0
2677,0,0
2678,0,0
2679,0,0
2680,32,36
2681,33,15
2682,43,4
2683,2,0
2684,2,0
2685,0,21
2686,7,0
2687,29,78
2688,0,0
2689,25,41
2690,16,4
2691,14,8
2692,0,13
2693,7,0
2694,11,2
2695,2,1
2696,8,0
2697,24,0
2698,20,28
2699,48,53
2700,8,18
2701,0,10
2702,5,0
2703,9,0
2704,2,0
2705,0,6
2706,8,6
2707,0,5
2708,17,0
2709,7,1
2710,11,3
2711,0,0
2712,0,0
2713,0,0
2714,0,0
2715,25,0
2716,0,0
2717,11,0
2718,7,12
2719,17,0
2720,1,0
2721,7,0
2722,0,1
2723,0,0
2724,0,0
2725,0,2
2726,0,0
2727,3,0
2728,0,0
2729,0,0
2730,14,1
2731,0,0
2732,0,0
2733,0,0
2734,0,0
2735,0,0
2736,0,14
2737,0,0
2738,2,0
2739,0,1
2740,0,0
2741,0,0
2742,8,0
2743,0,0
2744,0,0
2745,0,0
2746,0,0
2747,0,4
2748,0,0
2749,0,0
2750,0,0
2751,0,0
2752,0,0
2753,0,0
2754,0,0
2755,0,0
2756,0,0
2757,0,6
2758,0,0
2759,0,0
2760,0,0
2761,8,0
2762,5,0
2763,0,0
2764,0,0
2765,0,0
2766,0,0
2767,0,0
2768,1,0
2769,0,0
2770,0,0
2771,0,0
2772,0,0
2773,0,0
2774,0,0
2775,0,0
2776,0,14
2777,1,0
2778,0,0
2779,5,0
2780,0,1
2781,7,0
2782,0,0
2783,0,0
2784,0,20
2785,0,0
2786,19,2
2787,3,0
2788,0,0
2789,0,0
2790,0,3
2791,0,20
2792,2,0
2793,0,0
2794,0,0
2795,8,0
2796,0,0
2797,0,0
2798,5,0
2799,1,2
2800,0,0
2801,0,3
2802,0,0
2803,0,0
2804,0,0
2805,0,0
2806,0,0
2807,0,0
2808,0,2
2809,0,0
2810,0,0
2811,0,0
2812,0,0
2813,0,0
2814,0,0
2815,6,0
2816,0,0
2817,5,12
2818,0,2
2819,0,0
2820,1,0
2821,0,0
2822,0,0
2823,0,0
2824,0,1
2825,0,0
2826,0,0
2827,0,0
2828,0,9
2829,0,0
2830,0,0
2831,0,0
2832,0,0
2833,0,0
2834,0,0
2835,0,0
2836,0,0
2837,0,0
2838,0,0
2839,0,0
2840,3,0
2841,0,0
2842,5,0
2843,0,17
2844,0,11
2845,1,17
2846,0,7
2847,0,0
2848,15,5
2849,0,0
2850,0,0
2851,0,0
2852,0,0
2853,0,0
2854,0,0
2855,11,0
2856,0,0
2857,0,0
2858,0,0
2859,0,0
2860,0,19
2861,10,0
2862,1,4
2863,4,1
2864,0,0
2865,0,0
2866,0,0
2867,0,0
2868,0,0
2869,0,0
2870,0,0
2871,0,0
2872,5,0
2873,0,0
2874,0,1
2875,0,9
2876,0,15
2877,0,0
2878,0,3
2879,5,0
2880,12,3
2881,0,32
2882,0,39
2883,0,10
2884,4,35
2885,27,2
2886,1,0
2887,0,0
2888,8,10
2889,3,0
2890,5,0
2891,0,0
2892,0,0
2893,0,11
2894,12,1
2895,0,0
2896,0,11
2897,4,0
2898,0,0
2899,14,19
2900,1,0
2901,0,0
2902,2,3
2903,0,0
2904,7,0
2905,0,0
2906,0,0
2907,0,0
2908,0,0
2909,0,0
2910,0,0
2911,1,0
2912,0,0
2913,6,0
2914,0,0
2915,0,0
2916,0,0
2917,0,0
2918,0,0
2919,0,7
2920,1,27
2921,7,0
2922,0,0
2923,3,15
2924,0,0
2925,0,0
2926,0,24
2927,0,11
2928,0,0
2929,0,0
2930,0,0
2931,1,0
2932,0,0
2933,0,0
2934,10,0
2935,0,0
2936,0,0
2937,4,0
2938,0,0
2939,0,8
2940,0,10
2941,0,0
2942,0,1
2943,12,0
2944,0,0
2945,1,0
2946,0,0
2947,0,0
2948,0,6
2949,0,0
2950,0,0
2951,0,0
2952,13,17
2953,1,7
2954,0,0
2955,0,0
2956,0,0
2957,0,0
2958,0,0
2959,5,0
2960,7,0
2961,11,16
2962,0,0
2963,0,0
2964,0,0
2965,0,0
2966,6,0
2967,1,0
2968,0,20
2969,2,0
2970,0,0
2971,0,0
2972,0,10
2973,9,28
2974,0,32
2975,0,0
2976,0,8
2977,0,0
2978,0,0
2979,1,0
2980,0,0
2981,5,2
2982,11,13
2983,0,0
2984,8,0
2985,0,0
2986,1,0
2987,5,0
2988,4,0
2989,5,7
2990,0,0
2991,0,0
2992,0,0
2993,0,0
2994,0,0
2995,0,9
2996,0,0
2997,0,0
2998,0,0
2999,3,8
3000,0,0
3001,8,5
3002,0,20
3003,8,2
3004,0,0
3005,1,0
3006,8,2
3007,0,0
3008,3,0
3009,0,0
3010,0,1
3011,0,0
3012,0,0
3013,0,0
3014,5,11
3015,4,2
3016,0,0
3017,11,0
3018,5,11
3019,3,2
3020,0,0
3021,15,18
3022,2,0
3023,10,0
3024,37,0
3025,1,5
3026,43,11
3027,21,35
3028,23,6
3029,9,2
3030,40,30
3031,22,60
3032,33,6
3033,8,0
3034,24,0
3035,18,0
3036,32,3
3037,4,13
3038,20,10
3039,5,36
3040,8,13
3041,5,0
3042,1,0
3043,0,40
3044,16,13
3045,0,20
3046,0,0
3047,0,0
3048,0,0
3049,1,4
3050,0,4
3051,0,0
3052,35,0
3053,13,31
3054,11,14
3055,0,20
3056,9,22
3057,9,36
3058,0,46
3059,1,0
3060,0,0
3061,1,18
3062,22,10
3063,22,5
3064,18,31
3065,0,0
3066,7,14
3067,8,9
3068,11,1
3069,0,0
3070,0,0
3071,0,0
3072,7,0
3073,35,7
3074,3,0
3075,0,0
3076,0,0
3077,5,49
3078,22,0
3079,1,0
3080,0,0
3081,13,22
3082,0,0
3083,2,0
3084,5,0
3085,3,0
3086,11,0
3087,5,0
3088,1,0
3089,0,0
3090,0,0
3091,0,0
3092,0,0
3093,0,0
3094,0,0
3095,0,0
3096,0,0
3097,6,0
3098,10,0
3099,0,5
3100,0,0
3101,10,0
3102,21,0
3103,3,0
3104,0,0
3105,17,0
3106,2,1
3107,0,0
3108,0,0
3109,9,0
3110,0,0
3111,10,0
3112,6,0
3113,0,0
3114,4,5
3115,9,0
3116,0,0
3117,8,0
3118,0,0
3119,0,5
3120,1,0
3121,0,0
3122,20,0
3123,0,0
3124,0,1
3125,0,37
3126,0,0
3127,3,17
3128,0,6
3129,10,0
3130,0,0
3131,0,21
3132,0,17
3133,15,2
3134,1,2
3135,0,0
3136,5,0
3137,2,21
3138,0,0
3139,6,30
3140,4,0
3141,1,2
3142,2,4
3143,0,0
3144,11,0
3145,7,0
3146,0,5
3147,0,2
3148,3,0
3149,1,0
3150,2,0
3151,0,0
3152,1,0
3153,4,0
3154,0,0
3155,0,0
3156,0,0
3157,3,15
3158,0,0
3159,0,0
3160,0,9
3161,0,0
3162,8,0
3163,8,10
3164,5,3
3165,3,0
3166,0,0
3167,3,0
3168,1,0
3169,0,0
3170,0,0
3171,0,20
3172,0,0
3173,0,0
3174,0,0
3175,0,0
3176,15,34
3177,9,2
3178,0,0
3179,0,9
3180,8,12
3181,1,10
3182,1,12
3183,15,0
3184,6,0
3185,19,0
3186,6,23
3187,6,2
3188,0,11
3189,1,0
3190,0,9
3191,0,1
3192,10,0
3193,6,11
3194,0,0
3195,8,17
3196,5,0
3197,27,3
3198,11,1
3199,3,11
3200,0,4
3201,24,1
3202,4,1
3203,3,0
3204,0,0
3205,0,4
3206,0,9
3207,3,0
3208,0,16
3209,1,0
3210,0,0
3211,0,0
3212,0,0
3213,0,0
3214,0,0
3215,0,0
3216,0,39
3217,0,16
3218,22,41
3219,4,8
3220,1,0
3221,1,0
3222,3,0
3223,2,0
3224,4,2
3225,9,0
3226,2,6
3227,13,0
3228,0,0
3229,4,29
3230,0,0
3231,10,33
3232,7,0
3233,4,1
3234,0,0
3235,0,0
3236,1,0
3237,3,18
3238,0,0
3239,2,0
3240,3,21
3241,1,24
3242,1,0
3243,0,0
3244,1,0
3245,1,4
3246,0,0
3247,1,0
3248,0,4
3249,0,3
3250,0,0
3251,7,0
3252,0,0
3253,2,20
3254,4,0
3255,0,0
3256,0,12
3257,19,0
3258,15,9
3259,0,1
3260,0,0
3261,0,33
3262,17,20
3263,8,0
3264,6,0
3265,0,0
3266,0,17
3267,6,0
3268,12,8
3269,10,0
3270,0,0
3271,0,0
3272,19,0
3273,0,9
3274,0,0
3275,16,0
3276,0,0
3277,0,17
3278,27,0
3279,0,0
3280,34,29
3281,12,0
3282,10,26
3283,4,3
3284,35,18
3285,14,23
3286,1,7
3287,14,6
3288,3,0
3289,14,0
3290,1,1
3291,0,12
3292,0,0
3293,0,13
3294,0,0
3295,0,15
3296,0,0
3297,47,56
3298,10,2
3299,37,48
3300,0,12
3301,21,21
3302,0,0
3303,0,1
3304,16,32
3305,0,4
3306,13,29
3307,26,0
3308,0,10
3309,0,5
3310,0,0
3311,0,4
3312,0,14
3313,9,50
3314,13,0
3315,8,27
3316,4,0
3317,0,4
3318,0,12
3319,3,0
3320,14,63
3321,23,26
3322,28,21
3323,4,6
3324,8,0
3325,4,49
3326,12,21
3327,8,18
3328,14,43
3329,3,0
3330,5,0
3331,20,5
3332,0,0
3333,50,5
3334,26,0
3335,0,0
3336,4,25
3337,0,4
3338,7,19
3339,15,0
3340,17,25
3341,34,12
3342,32,51
3343,34,1
3344,0,17
3345,21,9
3346,2,9
3347,9,24
3348,9,46
3349,65,18
3350,0,0
3351,90,21
3352,26,23
3353,10,14
3354,14,63
3355,41,11
3356,0,23
3357,37,74
3358,54,34
3359,13,144
3360,0,32
3361,15,0
3362,3,0
3363,0,0
3364,23,4
3365,0,3
3366,0,0
3367,7,20
3368,13,1
3369,0,0
3370,3,0
3371,7,22
3372,0,0
3373,2,16
3374,0,0
3375,6,0
3376,0,0
3377,0,1
3378,31,5
3379,2,8
3380,33,7
3381,3,28
3382,55,0
3383,40,0
3384,75,51
3385,11,15
3386,51,1
3387,15,73
3388,9,0
3389,12,0
3390,8,42
3391,0,25
3392,22,1
3393,3,26
3394,8,3
3395,9,26
3396,14,8
3397,16,1
3398,51,45
3399,23,82
3400,44,30
3401,11,10
3402,30,18
3403,38,30
3404,8,20
3405,4,34
3406,45,4
3407,0,2
3408,14,24
3409,62,23
3410,27,0
3411,25,10
3412,0,1
3413,14,14
3414,4,1
3415,6,47
3416,3,0
3417,34,29
3418,31,10
3419,19,9
3420,3,8
3421,5,51
3422,3,29
3423,2,4
3424,5,39
3425,17,15
3426,8,53
3427,13,8
3428,46,12
3429,1,0
3430,0,0
3431,28,19
3432,13,1
3433,15,53
3434,18,7
3435,1,0
3436,5,0
3437,36,71
3438,0,5
3439,14,8
3440,20,42
3441,13,0
3442,7,39
3443,10,5
3444,10,21
3445,37,0
3446,37,31
3447,8,0
3448,9,14
3449,0,37
3450,0,3
3451,20,6
3452,16,0
3453,2,23
3454,19,0
3455,27,35
3456,10,0
3457,15,14
3458,23,18
3459,29,12
3460,28,8
3461,3,25
3462,7,2
3463,4,2
3464,0,0
3465,2,0
3466,8,6
3467,5,12
3468,9,18
3469,16,0
3470,7,2
3471,7,9
3472,0,12
3473,24,35
3474,0,5
3475,1,0
3476,0,1
3477,2,12
3478,2,18
3479,15,18
3480,14,0
3481,4,13
3482,0,5
3483,0,0
3484,13,2
3485,20,0
3486,4,16
3487,1,13
3488,1,17
3489,0,6
3490,0,0
3491,2,18
3492,2,3
3493,0,0
3494,0,0
3495,15,0
3496,0,17
3497,0,0
3498,0,0
3499,15,0
3500,35,19
3501,14,11
3502,26,14
3503,6,26
3504,0,25
3505,6,6
3506,18,0
3507,2,15
3508,29,0
3509,14,7
3510,6,20
3511,31,20
3512,16,0
3513,20,19
3514,30,47
3515,7,0
3516,33,12
3517,0,32
3518,10,3
3519,17,37
3520,0,0
3521,0,0
3522,0,0
3523,0,0
3524,0,0
3525,2,0
3526,0,0
3527,0,0
3528,0,0
3529,0,0
3530,0,0
3531,0,0
3532,0,0
3533,0,0
3534,0,0
3535,0,0
3536,0,0
3537,0,0
3538,0,0
3539,0,0
3540,0,9
3541,24,67
3542,1,0
3543,6,11
3544,0,4
3545,4,2
3546,0,2
3547,20,0
3548,2,0
3549,0,3
3550,26,0
3551,0,0
3552,3,19
3553,0,0
3554,13,0
3555,0,0
3556,0,0
3557,3,0
3558,5,0
3559,26,28
3560,11,0
3561,1,0
3562,2,13
3563,0,9
3564,7,0
3565,25,11
3566,10,3
3567,5,10
3568,1,4
3569,2,4
3570,12,21
3571,29,22
3572,7,0
3573,40,1
3574,16,14
3575,46,32
3576,7,11
3577,2,0
3578,4,7
3579,15,16
3580,15,17
3581,13,10
3582,4,5
3583,17,11
3584,1,7
3585,0,1
3586,0,2
3587,10,20
3588,0,0
3589,9,10
3590,8,11
3591,13,13
3592,0,2
3593,8,14
3594,6,6
3595,2,3
3596,1,0
3597,16,7
3598,7,15
3599,10,14
3600,10,5
3601,19,13
3602,17,0
3603,10,6
3604,0,14
3605,24,4
3606,20,3
3607,12,10
3608,0,23
3609,5,4
3610,10,3
3611,4,7
3612,16,10
3613,8,18
3614,24,3
3615,21,13
3616,12,6
3617,31,1
3618,9,0
3619,2,9
3620,8,0
3621,1,38
3622,2,9
3623,6,9
3624,7,4
3625,4,0
3626,4,7
3627,5,0
3628,7,5
3629,14,14
3630,18,20
3631,3,2
3632,1,0
3633,0,0
3634,13,2
3635,1,6
3636,8,0
3637,2,1
3638,2,0
3639,29,1
3640,21,2
3641,13,0
3642,0,18
3643,10,5
3644,12,5
3645,34,41
3646,0,0
3647,11,36
3648,13,0
3649,0,5
3650,9,19
3651,17,0
3652,12,1
3653,7,12
3654,4,19
3655,14,0
3656,5,0
3657,13,15
3658,0,23
3659,8,16
3660,0,6
3661,0,6
3662,0,0
3663,8,0
3664,5,0
3665,1,1
3666,0,4
3667,0,0
3668,9,0
3669,1,19
3670,13,0
3671,7,0
3672,4,7
3673,1,0
3674,0,0
3675,1,6
3676,6,15
3677,4,10
3678,12,10
3679,0,0
3680,0,0
3681,0,0
3682,0,0
3683,0,0
3684,0,0
3685,0,0
3686,0,0
3687,0,0
3688,0,0
3689,0,0
3690,0,0
3691,0,0
3692,0,0
3693,0,0
3694,0,0
3695,0,0
3696,0,0
3697,0,0
3698,0,0
3699,0,0
3700,10,0
3701,8,12
3702,22,0
3703,12,8
3704,10,0
3705,4,0
3706,17,7
3707,1,1
3708,9,0
3709,0,8
3710,0,0
3711,8,0
3712,0,0
3713,7,0
3714,2,0
3715,0,0
3716,0,0
3717,0,1
3718,21,11
3719,3,16
3720,1,0
3721,5,0
3722,7,1
3723,16,1
3724,0,31
3725,3,15
3726,0,0
3727,4,12
3728,5,21
3729,1,1
3730,9,0
3731,0,0
3732,13,0
3733,8,9
3734,6,13
3735,1,1
3736,0,14
3737,7,29
3738,0,0
3739,14,19
3740,8,5
3741,1,0
3742,2,4
3743,2,0
3744,0,0
3745,0,14
3746,0,1
3747,2,0
3748,13,2
3749,7,0
3750,2,8
3751,2,25
3752,0,0
3753,3,0
3754,0,0
3755,0,9
3756,0,6
3757,0,0
3758,4,0
3759,10,1
3760,0,0
3761,0,0
3762,6,0
3763,1,0
3764,0,5
3765,4,0
3766,0,0
3767,14,5
3768,0,2
3769,4,0
3770,7,6
3771,0,0
3772,0,4
3773,27,33
3774,0,0
3775,0,3
3776,1,0
3777,24,0
3778,1,13
3779,1,0
3780,0,0
3781,0,0
3782,0,0
3783,0,0
3784,0,3
3785,0,0
3786,0,0
3787,0,0
3788,0,0
3789,0,0
3790,0,0
3791,0,5
3792,0,0
3793,2,0
3794,0,0
3795,0,0
3796,0,0
3797,1,0
3798,2,2
3799,1,1
3800,5,0
3801,0,0
3802,2,7
3803,0,0
3804,10,0
3805,0,4
3806,0,0
3807,0,7
3808,0,0
3809,0,21
3810,3,3
3811,0,0
3812,0,0
3813,4,0
3814,0,0
3815,5,0
3816,0,9
3817,16,3
3818,0,0
3819,0,13
3820,33,28
3821,10,26
3822,21,17
3823,3,12
3824,26,1
3825,6,1
3826,0,0
3827,0,1
3828,14,2
3829,13,0
3830,8,16
3831,6,0
3832,0,0
3833,3,0
3834,1,0
3835,9,1
3836,11,1
3837,8,10
3838,0,25
3839,9,0
3840,23,4
3841,4,30
3842,6,16
3843,6,4
3844,0,22
3845,21,0
3846,6,0
3847,1,7
3848,15,0
3849,0,10
3850,0,0
3851,7,13
3852,16,27
3853,5,3
3854,0,0
3855,4,0
3856,4,0
3857,4,24
3858,0,29
3859,0,0
3860,61,53
3861,18,8
3862,63,43
3863,18,0
3864,5,0
3865,2,21
3866,22,14
3867,24,12
3868,56,18
3869,38,10
3870,1,0
3871,12,29
3872,9,27
3873,0,39
3874,20,20
3875,2,2
3876,1,15
3877,10,34
3878,8,17
3879,6,42
3880,0,10
3881,14,34
3882,23,11
3883,0,0
3884,6,2
3885,28,1
3886,14,20
3887,0,5
3888,14,23
3889,17,11
3890,0,0
3891,6,0
3892,13,29
3893,10,5
3894,10,21
3895,0,0
3896,0,0
3897,16,1
3898,5,11
3899,13,10
3900,2,1
3901,2,3
3902,7,22
3903,6,0
3904,6,0
3905,12,0
3906,25,11
3907,9,0
3908,1,0
3909,1,2
3910,4,0
3911,8,1
3912,1,4
3913,12,0
3914,5,0
3915,1,0
3916,16,4
3917,1,3
3918,5,2
3919,31,45
3920,0,0
3921,8,0
3922,7,8
3923,14,3
3924,5,26
3925,13,4
3926,0,0
3927,7,0
3928,17,0
3929,16,11
3930,6,0
3931,11,0
3932,8,4
3933,2,2
3934,1,0
3935,1,8
3936,6,0
3937,13,0
3938,0,17
3939,3,10
3940,0,7
3941,0,0
3942,4,8
3943,0,0
3944,0,0
3945,1,0
3946,10,0
3947,0,2
3948,0,0
3949,0,0
3950,1,0
3951,0,15
3952,6,0
3953,0,0
3954,0,0
3955,0,0
3956,0,0
3957,0,0
3958,0,0
3959,0,0
3960,0,0
3961,0,0
3962,0,0
3963,0,0
3964,0,0
3965,0,0
3966,1,0
3967,0,0
3968,0,0
3969,18,0
3970,0,0
3971,0,0
3972,0,10
3973,0,0
3974,0,9
3975,0,0
3976,0,0
3977,4,0
3978,0,0
3979,4,25
3980,0,0
3981,8,1
3982,8,0
3983,1,0
3984,0,0
3985,0,0
3986,0,2
3987,7,16
3988,0,0
3989,0,0
3990,0,0
3991,21,0
3992,0,0
3993,0,1
3994,0,0
3995,4,0
3996,0,0
3997,0,0
3998,0,0
3999,1,0
4000,0,0
4001,0,0
4002,0,0
4003,2,0
4004,0,0
4005,0,0
4006,1,0
4007,0,0
4008,0,0
4009,0,0
4010,4,0
4011,0,0
4012,0,0
4013,0,11
4014,0,1
4015,0,0
4016,2,0
4017,0,0
4018,0,0
4019,3,4
4020,0,0
4021,0,0
4022,3,0
4023,0,5
4024,2,0
4025,0,0
4026,0,0
4027,0,0
4028,1,0
4029,0,0
4030,0,0
4031,4,8
4032,0,0
4033,0,0
4034,0,0
4035,0,3
4036,0,0
4037,0,0
4038,8,0
4039,0,5
4040,1,0
4041,0,0
4042,0,0
4043,0,0
4044,0,9
4045,10,3
4046,0,0
4047,6,0
4048,5,0
4049,2,2
4050,3,0
4051,21,0
4052,6,2
4053,16,1
4054,0,0
4055,13,0
4056,0,0
4057,9,2
4058,5,0
4059,9,1
4060,0,4
4061,0,0
4062,0,11
4063,0,0
4064,0,0
4065,0,0
4066,0,1
4067,0,0
4068,0,0
4069,0,0
4070,0,0
4071,0,0
4072,0,0
4073,0,0
4074,0,0
4075,0,0
4076,0,0
4077,0,0
4078,7,0
4079,0,23
4080,13,0
4081,0,11
4082,0,5
4083,0,0
4084,11,17
4085,0,0
4086,2,0
4087,6,0
4088,0,0
4089,0,0
4090,0,0
4091,1,20
4092,13,0
4093,0,0
4094,0,0
4095,0,0
4096,0,0
4097,0,0
4098,0,0
4099,9,0
4100,0,0
4101,0,0
4102,3,56
4103,0,5
4104,0,0
4105,0,0
4106,18,0
4107,4,10
4108,4,1
4109,0,0
4110,0,2
4111,0,16
4112,0,0
4113,0,0
4114,0,0
4115,0,0
4116,0,0
4117,0,0
4118,0,0
4119,0,1
4120,0,10
4121,0,5
4122,7,0
4123,0,0
4124,2,0
4125,11,1
4126,0,3
4127,2,1
4128,3,0
4129,0,0
4130,4,0
4131,4,1
4132,2,0
4133,7,9
4134,0,13
4135,11,0
4136,2,0
4137,0,12
4138,0,0
4139,1,0
4140,27,49
4141,4,9
4142,0,1
4143,0,0
4144,22,15
4145,28,0
4146,0,17
4147,17,2
4148,7,11
4149,0,0
4150,3,1
4151,9,0
4152,14,3
4153,9,35
4154,4,7
4155,1,5
4156,0,0
4157,20,33
4158,9,72
4159,28,32
4160,0,8
4161,29,0
4162,22,7
4163,0,0
4164,26,9
4165,14,0
4166,0,22
4167,0,0
4168,0,0
4169,0,41
4170,0,0
4171,26,37
4172,0,17
4173,2,13
4174,1,0
4175,0,23
4176,0,0
4177,1,18
4178,13,0
4179,52,9
4180,10,20
4181,16,12
4182,54,99
4183,34,54
4184,0,0
4185,11,6
4186,47,8
4187,7,62
4188,14,19
4189,8,48
4190,58,8
4191,12,14
4192,23,15
4193,43,16
4194,11,23
4195,5,0
4196,27,52
4197,8,0
4198,8,60
4199,10,21
4200,20,10
4201,7,0
4202,11,18
4203,34,10
4204,0,0
4205,11,2
4206,9,18
4207,4,2
4208,50,0
4209,6,12
4210,3,0
4211,5,13
4212,2,0
4213,1,2
4214,7,25
4215,4,15
4216,15,7
4217,13,8
4218,8,1
4219,4,1
4220,21,4
4221,24,19
4222,21,59
4223,5,13
4224,4,12
4225,17,21
4226,5,0
4227,7,7
4228,0,3
4229,15,40
4230,5,9
4231,22,44
4232,4,0
4233,40,19
4234,35,0
4235,48,25
4236,0,20
4237,1,0
4238,1,25
4239,5,6
4240,46,38
4241,18,16
4242,61,34
4243,9,40
4244,46,5
4245,4,28
4246,14,16
4247,13,45
4248,0,13
4249,6,24
4250,34,89
4251,10,58
4252,3,1
4253,1,7
4254,35,41
4255,33,15
4256,19,21
4257,15,40
4258,29,0
4259,4,3
4260,0,0
4261,12,1
4262,0,13
4263,0,0
4264,0,69
4265,6,10
4266,12,0
4267,2,0
4268,14,9
4269,0,3
4270,2,15
4271,21,0
4272,0,8
4273,0,5
4274,0,9
4275,0,0
4276,0,0
4277,0,0
4278,17,22
4279,13,2
4280,17,0
4281,18,19
4282,9,1
4283,1,1
4284,11,0
4285,4,12
4286,11,17
4287,5,18
4288,16,0
4289,0,30
4290,0,0
4291,4,2
4292,0,0
4293,4,37
4294,17,5
4295,3,17
4296,17,1
4297,16,21
4298,3,1
4299,11,14
4300,0,11
4301,15,16
4302,31,10
4303,37,28
4304,20,6
4305,0,24
4306,14,36
4307,31,32
4308,0,0
4309,2,3
4310,12,0
4311,27,29
4312,0,22
4313,8,0
4314,11,57
4315,24,11
4316,24,0
4317,14,26
4318,33,39
4319,3,0
4320,1,14
4321,0,0
4322,0,0
4323,0,0
4324,0,0
4325,12,1
4326,1,6
4327,11,0
4328,32,5
4329,6,26
4330,1,4
4331,0,0
4332,5,0
4333,0,0
4334,3,0
4335,8,1
4336,0,4
4337,3,1
4338,0,4
4339,20,0
4340,14,2
4341,3,40
4342,29,13
4343,30,39
4344,7,15
4345,23,16
4346,12,20
4347,26,32
4348,31,1
4349,14,62
4350,5,43
4351,44,29
4352,41,17
4353,9,10
4354,11,51
4355,22,2
4356,25,9
4357,15,56
4358,11,27
4359,26,0
4360,16,12
4361,24,144
4362,33,53
4363,40,23
4364,74,22
4365,15,28
4366,81,21
4367,50,74
4368,36,27
4369,25,15
4370,35,12
4371,4,7
4372,27,17
4373,14,48
4374,13,17
4375,51,73
4376,8,21
4377,40,156
4378,24,56
4379,6,47
4380,79,46
4381,18,11
4382,26,3
4383,96,18
4384,58,9
4385,31,62
4386,55,121
4387,68,59
4388,33,76
4389,90,59
4390,4,8
4391,100,10
4392,23,58
4393,67,129
4394,16,50
4395,11,60
4396,12,4
4397,56,55
4398,18,29
4399,57,57
4400,45,82
4401,39,23
4402,63,1
4403,68,70
4404,35,82
4405,21,62
4406,20,11
4407,60,20
4408,21,39
4409,0,2
4410,43,19
4411,22,49
4412,18,20
4413,31,88
4414,8,12
4415,59,18
4416,67,13
4417,71,4
4418,33,111
4419,25,17
4420,6,3
4421,96,23
4422,21,0
4423,32,30
4424,51,14
4425,10,6
4426,21,46
4427,96,32
4428,15,70
4429,21,16
4430,8,1
4431,0,0
4432,21,6
4433,38,36
4434,64,50
4435,34,43
4436,11,0
4437,9,10
4438,131,37
4439,34,97
4440,52,87
4441,29,58
4442,40,40
4443,11,96
4444,12,44
4445,1,1
4446,21,6
4447,36,6
4448,29,28
4449,17,41
4450,19,28
4451,26,23
4452,1,17
4453,4,23
4454,10,15
4455,60,13
4456,6,0
4457,15,2
4458,6,5
4459,19,65
4460,0,15
4461,17,0
4462,7,11
4463,4,29
4464,8,14
4465,27,0
4466,0,0
4467,27,3
4468,3,1
4469,14,19
4470,5,58
4471,31,16
4472,0,8
4473,4,0
4474,5,6
4475,14,44
4476,0,1
4477,3,37
4478,9,0
4479,12,16
4480,20,16
4481,8,15
4482,27,21
4483,1,34
4484,25,3
4485,0,36
4486,5,36
4487,65,137
4488,25,1
4489,30,17
4490,17,13
4491,7,16
4492,8,13
4493,7,24
4494,4,0
4495,2,0
4496,0,14
4497,18,2
4498,14,23
4499,37,13
4500,29,34
4501,66,39
4502,17,36
4503,44,74
4504,32,3
4505,52,21
4506,11,79
4507,1,18
4508,92,41
4509,34,32
4510,54,68
4511,19,24
4512,13,77
4513,22,119
4514,16,51
4515,59,128
4516,63,7
4517,0,11
4518,13,36
4519,14,70
4520,11,22
4521,52,53
4522,1,1
4523,17,24
4524,25,42
4525,16,20
4526,33,27
4527,23,48
4528,25,182
4529,38,46
4530,18,27
4531,15,5
4532,21,26
4533,0,50
4534,12,26
4535,31,15
4536,12,32
4537,13,37
4538,8,14
4539,28,9
4540,0,0
4541,23,3
4542,15,44
4543,0,0
4544,10,8
4545,0,24
4546,6,0
4547,16,16
4548,0,1
4549,6,0
4550,33,0
4551,2,2
4552,0,7
4553,0,0
4554,0,0
4555,0,0
4556,14,0
4557,1,0
4558,0,21
4559,47,14
4560,0,45
4561,0,18
4562,0,0
4563,0,8
4564,0,0
4565,0,0
4566,0,0
4567,0,0
4568,0,0
4569,12,0
4570,5,0
4571,9,0
4572,2,0
4573,0,0
4574,0,10
4575,2,0
4576,0,0
4577,19,0
4578,7,0
4579,0,0
4580,0,0
4581,0,0
4582,0,2
4583,0,0
4584,0,4
4585,0,0
4586,0,0
4587,0,3
4588,0,0
4589,0,0
4590,0,0
4591,0,0
4592,0,0
4593,0,0
4594,0,0
4595,0,0
4596,0,0
4597,0,0
4598,0,0
4599,0,0
4600,0,0
4601,0,0
4602,0,0
4603,0,0
4604,0,0
4605,3,0
4606,0,0
4607,0,0
4608,0,0
4609,0,0
4610,0,0
4611,6,0
4612,0,0
4613,0,1
4614,0,0
4615,7,0
4616,0,0
4617,0,0
4618,0,0
4619,0,0
4620,0,0
4621,0,0
4622,4,30
4623,0,0
4624,0,0
4625,0,0
4626,0,0
4627,0,1
4628,0,0
4629,0,0
4630,0,0
4631,0,0
4632,0,0
4633,0,0
4634,0,0
4635,0,0
4636,0,0
4637,0,5
4638,0,0
4639,3,1
4640,0,12
4641,0,0
4642,18,2
4643,5,0
4644,6,43
4645,1,0
4646,16,0
4647,14,4
4648,0,0
4649,0,0
4650,23,0
4651,0,0
4652,18,7
4653,4,0
4654,0,0
4655,7,0
4656,0,14
4657,4,0
4658,0,0
4659,3,1
4660,0,0
4661,0,0
4662,0,0
4663,0,0
4664,0,0
4665,0,0
4666,0,0
4667,0,0
4668,0,0
4669,0,0
4670,0,0
4671,0,0
4672,0,0
4673,0,0
4674,0,0
4675,0,0
4676,0,0
4677,0,0
4678,0,0
4679,0,0
4680,0,0
4681,11,6
4682,4,0
4683,4,0
4684,15,8
4685,0,10
4686,2,0
4687,0,25
4688,0,0
4689,0,0
4690,0,28
4691,7,0
4692,20,4
4693,0,10
4694,0,0
4695,0,3
4696,15,0
4697,0,0
4698,3,11
4699,24,0
4700,0,7
4701,3,6
4702,28,0
4703,0,0
4704,0,0
4705,0,0
4706,0,1
4707,33,0
4708,2,12
4709,14,9
4710,0,0
4711,0,57
4712,0,8
4713,0,5
4714,4,5
4715,1,0
4716,0,0
4717,14,5
4718,11,0
4719,14,33
4720,1,0
4721,0,0
4722,0,0
4723,0,0
4724,3,0
4725,0,0
4726,0,0
4727,0,0
4728,0,0
4729,0,0
4730,0,0
4731,0,0
4732,0,0
4733,0,0
4734,0,0
4735,0,0
4736,0,0
4737,0,0
4738,0,0
4739,14,0
4740,15,57
4741,11,2
4742,1,28
4743,0,4
4744,8,41
4745,14,2
4746,22,29
4747,15,33
4748,15,4
4749,0,0
4750,0,0
4751,9,6
4752,1,3
4753,0,12
4754,27,30
4755,0,0
4756,0,7
4757,7,23
4758,23,7
4759,72,28
4760,0,0
4761,0,0
4762,0,0
4763,0,0
4764,0,0
4765,0,0
4766,11,0
4767,0,0
4768,0,0
4769,0,0
4770,0,0
4771,0,0
4772,0,0
4773,0,0
4774,0,0
4775,0,0
4776,0,0
4777,0,1
4778,0,0
4779,0,0
4780,0,0
4781,0,0
4782,0,0
4783,0,0
4784,0,0
4785,0,0
4786,0,0
4787,0,0
4788,0,0
4789,0,0
4790,0,0
4791,0,0
4792,0,0
4793,0,0
4794,0,0
4795,0,0
4796,0,0
4797,0,0
4798,0,0
4799,0,0
4800,0,0
4801,0,0
4802,0,0
4803,0,0
4804,0,0
4805,0,0
4806,0,0
4807,0,1
4808,3,0
4809,6,0
4810,0,0
4811,0,0
4812,0,0
4813,0,0
4814,2,0
4815,0,0
4816,0,0
4817,0,0
4818,2,0
4819,1,0
4820,1,0
4821,9,4
4822,0,0
4823,0,0
4824,0,0
4825,8,0
4826,5,0
4827,9,5
4828,6,11
4829,0,7
4830,0,0
4831,7,0
4832,0,0
4833,0,0
4834,0,0
4835,0,0
4836,0,0
4837,0,0
4838,0,1
4839,8,33
4840,0,5
4841,0,0
4842,6,0
4843,0,0
4844,0,0
4845,0,0
4846,0,1
4847,0,0
4848,26,0
4849,0,0
4850,0,0
4851,0,0
4852,0,0
4853,0,0
4854,0,0
4855,0,0
4856,0,0
4857,0,0
4858,0,0
4859,0,0
4860,1,0
4861,37,24
4862,10,16
4863,18,41
4864,20,13
4865,7,3
4866,0,0
4867,5,10
4868,17,0
4869,1,11
4870,0,0
4871,5,0
4872,20,6
4873,1,0
4874,0,0
4875,0,19
4876,0,0
4877,0,0
4878,0,17
4879,0,18
4880,19,54
4881,19,0
4882,0,1
4883,5,0
4884,26,0
4885,0,3
4886,1,38
4887,13,5
4888,2,1
4889,0,0
4890,1,0
4891,5,2
4892,0,3
4893,6,0
4894,7,0
4895,0,0
4896,10,1
4897,0,0
4898,40,18
4899,9,0
4900,5,0
4901,0,5
4902,0,0
4903,0,0
4904,5,35
4905,0,38
4906,0,2
4907,0,5
4908,0,0
4909,3,0
4910,0,0
4911,9,0
4912,0,0
4913,0,0
4914,0,0
4915,0,0
4916,0,0
4917,0,0
4918,9,0
4919,0,44
4920,0,0
4921,0,0
4922,0,0
4923,0,0
4924,0,0
4925,0,0
4926,0,0
4927,0,0
4928,0,0
4929,0,0
4930,0,0
4931,6,0
4932,0,0
4933,0,0
4934,0,0
4935,0,0
4936,0,0
4937,0,0
4938,0,0
4939,0,0
4940,14,0
4941,3,26
4942,0,0
4943,13,0
4944,0,0
4945,0,0
4946,0,0
4947,0,8
4948,0,0
4949,0,0
4950,0,0
4951,0,0
4952,9,12
4953,0,0
4954,0,18
4955,0,0
4956,0,0
4957,0,0
4958,0,0
4959,0,0
4960,1,0
4961,0,2
4962,3,0
4963,0,27
4964,0,7
4965,0,0
4966,0,0
4967,0,4
4968,0,0
4969,0,8
4970,2,0
4971,3,0
4972,0,0
4973,0,0
4974,0,0
4975,3,0
4976,6,21
4977,0,22
4978,0,0
4979,0,0
4980,0,23
4981,4,0
4982,0,4
4983,0,0
4984,1,2
4985,4,1
4986,2,1
4987,0,0
4988,22,4
4989,0,0
4990,8,11
4991,4,0
4992,0,1
4993,1,0
4994,0,40
4995,0,0
4996,11,0
4997,13,0
4998,6,15
4999,21,0
5000,7,20
5001,39,9
5002,1,0
5003,6,15
5004,15,9
5005,7,28
5006,4,0
5007,45,0
5008,11,9
5009,7,2
5010,13,0
5011,0,0
5012,0,17
5013,25,0
5014,5,0
5015,19,5
5016,4,0
5017,1,0
5018,0,0
5019,8,20
5020,3,0
5021,0,0
5022,6,0
5023,2,0
5024,1,0
5025,0,1
5026,1,0
5027,0,0
5028,0,22
5029,0,1
5030,0,8
5031,22,18
5032,0,0
5033,0,3
5034,0,0
5035,0,0
5036,0,0
5037,18,0
5038,0,4
5039,0,0
5040,4,2
5041,7,0
5042,0,0
5043,7,0
5044,12,14
5045,9,16
5046,26,0
5047,1,1
5048,2,0
5049,1,21
5050,8,0
5051,0,1
5052,8,0
5053,12,0
5054,5,0
5055,0,4
5056,0,0
5057,0,1
5058,0,0
5059,0,32
5060,1,8
5061,0,0
5062,6,31
5063,9,0
5064,11,18
5065,17,11
5066,10,0
5067,23,15
5068,0,1
5069,3,2
5070,0,3
5071,19,13
5072,1,0
5073,13,8
5074,17,0
5075,14,1
5076,25,0
5077,1,8
5078,9,0
5079,0,12
5080,2,0
5081,0,9
5082,5,0
5083,0,5
5084,0,0
5085,4,0
5086,0,0
5087,3,0
5088,0,0
5089,0,0
5090,0,5
5091,0,0
5092,2,0
5093,8,0
5094,0,0
5095,0,0
5096,0,0
5097,7,7
5098,2,16
5099,0,0
5100,0,0
5101,0,0
5102,5,0
5103,5,1
5104,5,10
5105,2,0
5106,0,0
5107,0,11
5108,0,0
5109,1,0
5110,0,0
5111,0,9
5112,0,0
5113,9,0
5114,0,0
5115,0,0
5116,8,0
5117,0,4
5118,0,0
5119,0,0
5120,0,0
5121,2,0
5122,4,0
5123,5,1
5124,13,0
5125,22,12
5126,11,26
5127,0,0
5128,0,0
5129,5,0
5130,0,36
5131,1,0
5132,2,0
5133,1,0
5134,0,0
5135,6,0
5136,0,0
5137,11,7
5138,12,13
5139,35,0
5140,19,1
5141,0,1
5142,80,2
5143,16,7
5144,0,0
5145,11,24
5146,15,0
5147,8,39
5148,43,3
5149,0,3
5150,3,30
5151,15,17
5152,16,2
5153,20,7
5154,2,9
5155,40,85
5156,0,0
5157,40,32
5158,0,1
5159,39,0
5160,4,15
5161,21,4
5162,26,0
5163,0,3
5164,0,0
5165,1,0
5166,11,36
5167,6,1
5168,13,56
5169,13,0
5170,13,0
5171,0,0
5172,13,3
5173,0,2
5174,9,0
5175,10,0
5176,0,8
5177,34,5
5178,54,26
5179,0,0
5180,22,30
5181,5,0
5182,24,1
5183,26,25
5184,2,9
5185,0,0
5186,20,23
5187,6,0
5188,27,7
5189,0,37
5190,9,0
5191,6,6
5192,3,3
5193,0,0
5194,1,2
5195,0,19
5196,6,0
5197,17,15
5198,22,16
5199,0,0
5200,2,5
5201,8,0
5202,6,40
5203,0,9
5204,10,59
5205,19,14
5206,8,1
5207,5,4
5208,2,1
5209,18,5
5210,3,0
5211,0,0
5212,4,0
5213,0,0
5214,6,0
5215,38,0
5216,13,2
5217,3,5
5218,10,11
5219,19,17
5220,2,23
5221,15,0
5222,8,21
5223,12,0
5224,0,37
5225,0,0
5226,8,40
5227,9,1
5228,0,27
5229,18,4
5230,2,2
5231,6,15
5232,0,0
5233,0,0
5234,2,7
5235,0,7
5236,14,0
5237,0,0
5238,5,0
5239,3,1
5240,35,61
5241,36,25
5242,11,4
5243,4,0
5244,3,7
5245,5,1
5246,10,0
5247,14,14
5248,4,0
5249,15,1
5250,0,1
5251,16,22
5252,0,0
5253,16,10
5254,38,9
5255,15,0
5256,5,0
5257,4,41
5258,11,39
5259,12,0
5260,7,15
5261,7,11
5262,5,0
5263,0,0
5264,0,0
5265,0,0
5266,15,1
5267,7,0
5268,11,15
5269,3,10
5270,0,2
5271,3,6
5272,4,0
5273,5,2
5274,0,0
5275,0,5
5276,14,8
5277,26,23
5278,5,0
5279,7,42
5280,23,21
5281,25,4
5282,18,14
5283,12,8
5284,9,24
5285,4,14
5286,40,43
5287,35,0
5288,19,2
5289,9,9
5290,0,0
5291,41,29
5292,4,0
5293,0,8
5294,16,0
5295,0,11
5296,20,4
5297,6,21
5298,5,55
5299,14,60
5300,14,43
5301,14,3
5302,13,9
5303,9,16
5304,11,8
5305,30,33
5306,7,36
5307,19,13
5308,20,28
5309,21,13
5310,0,7
5311,3,22
5312,19,7
5313,17,18
5314,1,0
5315,2,6
5316,0,0
5317,41,11
5318,0,6
5319,4,25
5320,0,20
5321,14,0
5322,13,19
5323,7,18
5324,11,2
5325,5,8
5326,9,0
5327,13,0
5328,43,4
5329,0,0
5330,0,1
5331,1,0
5332,0,0
5333,1,12
5334,0,0
5335,13,5
5336,1,0
5337,6,12
5338,0,0
5339,42,16
5340,14,6
5341,0,0
5342,0,0
5343,0,0
5344,0,0
5345,0,3
5346,0,0
5347,0,27
5348,1,0
5349,0,0
5350,0,0
5351,0,0
5352,0,13
5353,0,0
5354,0,0
5355,0,0
5356,0,0
5357,0,1
5358,0,0
5359,16,1
5360,34,15
5361,9,4
5362,18,4
5363,0,0
5364,41,0
5365,4,1
5366,3,0
5367,12,2
5368,10,0
5369,1,2
5370,7,4
5371,2,6
5372,3,0
5373,12,32
5374,7,2
5375,3,28
5376,0,0
5377,12,0
5378,7,8
5379,14,10
5380,4,0
5381,0,0
5382,0,0
5383,5,0
5384,0,28
5385,6,0
5386,31,2
5387,0,0
5388,0,11
5389,4,0
5390,1,1
5391,1,7
5392,0,0
5393,0,0
5394,0,0
5395,0,0
5396,0,0
5397,0,8
5398,4,16
5399,25,7
5400,3,0
5401,0,0
5402,0,0
5403,0,0
5404,4,2
5405,2,0
5406,10,0
5407,0,0
5408,0,0
5409,0,19
5410,6,0
5411,0,0
5412,0,0
5413,2,0
5414,0,0
5415,0,0
5416,0,0
5417,1,3
5418,0,0
5419,2,0
5420,0,0
5421,0,0
5422,0,0
5423,0,0
5424,0,0
5425,9,0
5426,1,0
5427,0,0
5428,17,0
5429,4,0
5430,0,0
5431,6,1
5432,0,1
5433,0,0
5434,0,0
5435,0,1
5436,0,0
5437,3,0
5438,0,0
5439,8,78
5440,1,0
5441,17,7
5442,9,0
5443,0,0
5444,0,0
5445,39,0
5446,3,0
5447,0,0
5448,0,0
5449,0,0
5450,0,0
5451,0,6
5452,12,0
5453,0,0
5454,8,0
5455,0,0
5456,0,0
5457,0,0
5458,6,0
5459,3,9
5460,8,0
5461,7,0
5462,6,0
5463,0,0
5464,0,5
5465,14,69
5466,0,0
5467,25,6
5468,15,1
5469,0,0
5470,0,6
5471,16,0
5472,0,0
5473,0,0
5474,0,0
5475,0,0
5476,0,0
5477,1,2
5478,5,1
5479,0,0
5480,6,22
5481,16,0
5482,4,32
5483,2,32
5484,0,19
5485,15,12
5486,56,3
5487,30,18
5488,10,14
5489,16,0
5490,52,0
5491,16,31
5492,33,15
5493,28,48
5494,36,18
5495,0,2
5496,19,22
5497,13,24
5498,19,9
5499,82,3
5500,0,0
5501,0,0
5502,0,0
5503,0,0
5504,0,0
5505,0,0
5506,0,0
5507,0,0
5508,0,0
5509,0,0
5510,0,0
5511,0,0
5512,0,0
5513,0,0
5514,0,0
5515,0,0
5516,0,0
5517,0,0
5518,0,0
5519,0,0
5520,1,0
5521,0,0
5522,0,0
5523,0,0
5524,0,0
5525,0,0
5526,20,0
5527,0,2
5528,10,0
5529,0,0
5530,0,0
5531,0,0
5532,0,0
5533,0,0
5534,0,0
5535,0,0
5536,0,0
5537,0,0
5538,0,0
5539,15,0
5540,0,0
5541,0,0
5542,0,0
5543,0,0
5544,0,0
5545,0,0
5546,0,3
5547,0,0
5548,1,0
5549,0,0
5550,0,0
5551,0,0
5552,0,0
5553,0,0
5554,0,0
5555,0,0
5556,0,0
5557,12,15
5558,0,0
5559,0,20
5560,4,1
5561,3,0
5562,0,0
5563,23,0
5564,0,0
5565,0,0
5566,0,0
5567,0,0
5568,0,0
5569,0,0
5570,0,2
5571,0,0
5572,0,0
5573,0,0
5574,0,0
5575,0,6
5576,0,0
5577,0,0
5578,0,0
5579,0,0
5580,0,0
5581,0,0
5582,0,0
5583,0,0
5584,2,0
5585,0,0
5586,0,0
5587,0,11
5588,0,0
5589,2,0
5590,0,0
5591,0,0
5592,0,0
5593,0,0
5594,0,0
5595,0,0
5596,1,0
5597,0,0
5598,0,0
5599,3,0
5600,0,0
5601,0,0
5602,0,0
5603,0,0
5604,0,0
5605,0,0
5606,0,0
5607,0,0
5608,0,0
5609,0,0
5610,0,0
5611,0,0
5612,0,0
5613,0,0
5614,0,0
5615,0,0
5616,0,0
5617,0,0
5618,0,0
5619,0,0
5620,2,7
5621,0,0
5622,0,5
5623,0,0
5624,0,0
5625,4,0
5626,9,0
5627,3,2
5628,0,0
5629,0,0
5630,0,1
5631,0,0
5632,27,0
5633,0,1
5634,0,1
5635,15,0
5636,0,0
5637,2,0
5638,0,0
5639,0,0
5640,0,0
5641,0,0
5642,0,0
5643,0,0
5644,8,3
5645,0,0
5646,0,21
5647,0,0
5648,0,0
5649,0,0
5650,0,0
5651,0,0
5652,0,0
5653,0,0
5654,1,0
5655,3,13
5656,3,0
5657,19,0
5658,0,2
5659,0,0
5660,9,0
5661,1,0
5662,9,0
5663,0,0
5664,21,43
5665,10,0
5666,0,0
5667,0,0
5668,0,0
5669,0,0
5670,7,9
5671,0,0
5672,0,0
5673,9,0
5674,0,0
5675,10,2
5676,0,0
5677,0,0
5678,7,0
5679,7,1
5680,8,0
5681,37,2
5682,0,7
5683,0,0
5684,15,0
5685,0,0
5686,11,1
5687,11,15
5688,8,30
5689,5,13
5690,0,0
5691,13,1
5692,10,0
5693,0,0
5694,2,0
5695,0,0
5696,2,2
5697,0,0
5698,0,0
5699,1,0
5700,8,0
5701,0,17
5702,18,0
5703,1,17
5704,0,0
5705,22,8
5706,2,4
5707,0,0
5708,0,1
5709,0,0
5710,23,0
5711,4,2
5712,0,0
5713,8,6
5714,0,12
5715,0,18
5716,3,0
5717,1,0
5718,0,0
5719,0,0
5720,29,6
5721,26,9
5722,4,0
5723,19,0
5724,0,0
5725,27,18
5726,19,12
5727,8,1
5728,14,14
5729,0,7
5730,1,0
5731,19,12
5732,0,50
5733,5,0
5734,3,0
5735,37,0
5736,0,0
5737,1,8
5738,3,25
5739,16,0
5740,21,8
5741,34,48
5742,28,1
5743,3,51
5744,26,17
5745,8,33
5746,0,0
5747,11,8
5748,8,30
5749,0,0
5750,8,0
5751,31,2
5752,13,0
5753,6,5
5754,0,1
5755,26,3
5756,7,0
5757,46,2
5758,9,7
5759,0,11
5760,27,81
5761,26,12
5762,25,9
5763,5,0
5764,30,54
5765,43,4
5766,25,10
5767,44,5
5768,39,4
5769,11,37
5770,23,14
5771,28,0
5772,68,14
5773,2,51
5774,33,14
5775,3,9
5776,7,19
5777,5,9
5778,0,0
5779,14,0
5780,0,0
5781,0,9
5782,1,0
5783,0,0
5784,20,0
5785,12,16
5786,0,23
5787,13,18
5788,7,5
5789,17,0
5790,4,20
5791,0,0
5792,18,1
5793,0,10
5794,0,6
5795,5,0
5796,0,5
5797,28,7
5798,12,34
5799,1,4
5800,8,10
5801,12,18
5802,9,4
5803,0,8
5804,4,3
5805,19,0
5806,0,15
5807,1,0
5808,3,5
5809,14,0
5810,0,0
5811,0,0
5812,9,7
5813,18,63
5814,3,9
5815,15,24
5816,3,12
5817,3,0
5818,0,22
5819,0,9
5820,46,65
5821,0,0
5822,9,0
5823,31,4
5824,21,2
5825,1,35
5826,29,0
5827,19,29
5828,20,50
5829,1,14
5830,0,3
5831,7,39
5832,10,2
5833,0,0
5834,2,4
5835,4,6
5836,1,0
5837,30,13
5838,11,14
5839,13,2
5840,13,19
5841,2,4
5842,31,20
5843,9,10
5844,7,1
5845,69,54
5846,4,3
5847,18,19
5848,23,16
5849,23,11
5850,18,0
5851,31,55
5852,29,1
5853,23,43
5854,0,40
5855,20,8
5856,11,16
5857,7,2
5858,34,13
5859,0,0
5860,21,22
5861,20,16
5862,43,66
5863,42,54
5864,25,41
5865,8,0
5866,40,16
5867,29,23
5868,71,47
5869,11,5
5870,12,46
5871,70,60
5872,100,58
5873,12,1
5874,75,44
5875,16,25
5876,48,10
5877,14,114
5878,61,60
5879,12,41
5880,29,32
5881,29,2
5882,10,46
5883,6,21
5884,90,79
5885,15,16
5886,33,74
5887,18,41
5888,43,12
5889,38,102
5890,35,23
5891,35,7
5892,48,77
5893,22,23
5894,15,22
5895,28,38
5896,31,38
5897,42,26
5898,11,26
5899,57,81
5900,23,0
5901,21,0
5902,9,1
5903,14,1
5904,0,24
5905,14,3
5906,0,0
5907,61,0
5908,56,4
5909,42,1
5910,0,6
5911,10,1
5912,5,41
5913,43,1
5914,29,25
5915,55,40
5916,8,6
5917,3,3
5918,67,0
5919,37,23
5920,25,0
5921,7,37
5922,0,8
5923,2,0
5924,16,11
5925,35,0
5926,47,35
5927,29,33
5928,3,8
5929,20,5
5930,21,30
5931,10,21
5932,22,20
5933,2,0
5934,1,42
5935,9,5
5936,27,13
5937,35,24
5938,38,11
5939,5,3
5940,22,29
5941,27,86
5942,32,59
5943,57,32
5944,4,26
5945,59,25
5946,17,38
5947,19,29
5948,1,63
5949,1,9
5950,3,3
5951,9,16
5952,24,7
5953,17,30
5954,4,0
5955,15,15
5956,11,0
5957,5,13
5958,49,32
5959,10,27
5960,21,2
5961,4,41
5962,12,1
5963,13,51
5964,17,0
5965,14,24
5966,18,9
5967,4,21
5968,10,0
5969,7,11
5970,22,50
5971,22,34
5972,3,6
5973,14,17
5974,0,2
5975,17,1
5976,31,0
5977,0,0
5978,18,13
5979,48,14
5980,0,19
5981,3,34
5982,4,5
5983,38,13
5984,6,26
5985,8,41
5986,7,54
5987,99,65
5988,42,49
5989,44,68
5990,51,45
5991,49,24
5992,17,35
5993,27,0
5994,82,94
5995,26,54
5996,18,61
5997,38,18
5998,36,14
5999,9,13
6000,13,9
6001,16,2
6002,15,0
6003,10,4
6004,7,0
6005,13,39
6006,3,20
6007,0,0
6008,25,5
6009,20,22
6010,7,11
6011,7,0
6012,6,0
6013,14,27
6014,1,14
6015,13,37
6016,13,28
6017,7,25
6018,19,18
6019,44,17
6020,17,25
6021,10,0
6022,8,28
6023,3,20
6024,0,3
6025,28,9
6026,0,6
6027,6,2
6028,18,0
6029,5,0
6030,5,0
6031,3,0
6032,0,12
6033,34,1
6034,8,20
6035,0,21
6036,8,0
6037,0,10
6038,0,0
6039,33,10
6040,44,33
6041,27,27
6042,19,30
6043,12,55
6044,1,6
6045,51,31
6046,19,63
6047,32,29
6048,7,2
6049,21,4
6050,34,1
6051,3,36
6052,17,0
6053,23,33
6054,10,24
6055,3,22
6056,2,10
6057,6,35
6058,42,98
6059,8,28
6060,59,22
6061,23,3
6062,69,28
6063,6,0
6064,0,8
6065,15,25
6066,8,7
6067,6,19
6068,13,21
6069,12,0
6070,0,1
6071,41,15
6072,1,0
6073,1,22
6074,10,0
6075,36,1
6076,19,37
6077,17,32
6078,24,14
6079,12,44
6080,7,0
6081,1,0
6082,19,0
6083,10,0
6084,4,0
6085,20,0
6086,0,0
6087,0,0
6088,1,0
6089,4,0
6090,1,0
6091,0,0
6092,0,0
6093,0,0
6094,0,0
6095,0,0
6096,0,0
6097,5,0
6098,2,0
6099,0,1
6100,0,18
6101,0,0
6102,3,0
6103,0,0
6104,34,23
6105,0,0
6106,5,0
6107,0,0
6108,0,1
6109,0,0
6110,0,0
6111,0,0
6112,10,0
6113,0,1
6114,0,6
6115,0,0
6116,0,8
6117,16,0
6118,11,13
6119,0,7
6120,0,0
6121,0,2
6122,11,0
6123,0,0
6124,2,8
6125,0,0
6126,0,0
6127,0,1
6128,0,15
6129,0,0
6130,0,0
6131,14,0
6132,11,0
6133,0,0
6134,1,0
6135,0,0
6136,0,0
6137,0,0
6138,0,0
6139,0,0
6140,8,19
6141,1,38
6142,10,0
6143,30,5
6144,10,9
6145,25,7
6146,9,15
6147,0,0
6148,4,29
6149,0,9
6150,0,0
6151,0,59
6152,4,2
6153,0,19
6154,0,0
6155,29,60
6156,2,0
6157,5,9
6158,0,0
6159,24,16
6160,7,1
6161,0,34
6162,20,34
6163,1,0
6164,0,7
6165,11,9
6166,1,9
6167,14,27
6168,0,0
6169,0,0
6170,17,0
6171,5,21
6172,0,0
6173,20,0
6174,0,9
6175,23,0
6176,0,0
6177,2,22
6178,2,5
6179,0,9
6180,0,4
6181,17,6
6182,55,48
6183,0,0
6184,0,6
6185,16,29
6186,8,3
6187,14,19
6188,17,8
6189,16,6
6190,0,0
6191,0,12
6192,0,0
6193,14,21
6194,2,10
6195,8,0
6196,0,0
6197,9,45
6198,5,0
6199,7,5
6200,65,65
6201,20,0
6202,14,17
6203,0,5
6204,4,20
6205,0,5
6206,7,0
6207,1,0
6208,3,0
6209,0,0
6210,0,6
6211,0,18
6212,0,25
6213,10,11
6214,1,1
6215,12,25
6216,1,3
6217,0,0
6218,2,16
6219,2,0
6220,7,7
6221,0,7
6222,23,0
6223,0,0
6224,15,3
6225,2,0
6226,3,12
6227,4,18
6228,9,2
6229,1,1
6230,0,25
6231,12,0
6232,5,0
6233,12,3
6234,14,18
6235,4,12
6236,0,0
6237,21,0
6238,0,16
6239,15,6
6240,31,12
6241,8,60
6242,0,9
6243,0,0
6244,0,28
6245,0,23
6246,8,0
6247,20,0
6248,0,31
6249,1,1
6250,8,0
6251,0,0
6252,16,14
6253,0,12
6254,0,0
6255,22,44
6256,0,0
6257,3,32
6258,0,8
6259,1,0
6260,0,2
6261,46,13
6262,0,0
6263,5,8
6264,4,20
6265,15,0
6266,7,0
6267,0,4
6268,20,33
6269,3,0
6270,0,0
6271,13,0
6272,7,0
6273,0,0
6274,0,0
6275,0,0
6276,0,0
6277,0,17
6278,1,0
6279,5,0
6280,6,4
6281,7,40
6282,0,0
6283,0,33
6284,0,8
6285,3,14
6286,24,12
6287,0,3
6288,18,0
6289,3,8
6290,1,22
6291,4,14
6292,0,0
6293,1,10
6294,0,0
6295,6,0
6296,2,0
6297,11,37
6298,1,0
6299,0,1
6300,50,103
6301,0,53
6302,39,35
6303,27,7
6304,11,4
6305,13,22
6306,0,7
6307,35,45
6308,39,3
6309,38,22
6310,59,33
6311,16,0
6312,13,8
6313,6,0
6314,6,16
6315,0,3
6316,0,0
6317,0,0
6318,1,51
6319,38,66
6320,11,20
6321,25,15
6322,48,56
6323,14,48
6324,28,24
6325,8,43
6326,1,30
6327,9,0
6328,6,14
6329,1,25
6330,0,1
6331,10,2
6332,4,19
6333,36,9
6334,3,7
6335,44,1
6336,14,19
6337,43,32
6338,15,20
6339,422,302
6340,40,21
6341,59,53
6342,44,104
6343,26,66
6344,17,41
6345,45,6
6346,25,128
6347,45,42
6348,46,50
6349,33,80
6350,20,14
6351,18,147
6352,9,18
6353,10,34
6354,82,69
6355,8,17
6356,3,4
6357,52,68
6358,0,34
6359,58,69
6360,16,20
6361,18,4
6362,43,14
6363,11,22
6364,12,29
6365,12,15
6366,14,19
6367,0,11
6368,6,43
6369,6,51
6370,15,20
6371,42,35
6372,2,36
6373,10,6
6374,22,9
6375,17,1
6376,11,8
6377,32,19
6378,11,17
6379,27,2
6380,6,57
6381,12,6
6382,36,14
6383,16,1
6384,11,43
6385,71,108
6386,40,16
6387,12,10
6388,19,23
6389,11,37
6390,15,3
6391,20,2
6392,31,11
6393,14,4
6394,14,22
6395,5,8
6396,17,13
6397,10,24
6398,10,13
6399,22,0
6400,0,0
6401,0,2
6402,12,0
6403,0,0
6404,1,2
6405,0,0
6406,0,0
6407,24,1
6408,1,0
6409,8,6
6410,1,7
6411,12,0
6412,1,0
6413,17,32
6414,0,0
6415,3,0
6416,0,16
6417,4,0
6418,6,0
6419,0,0
6420,20,0
6421,0,3
6422,0,3
6423,0,0
6424,16,0
6425,14,0
6426,0,15
6427,0,0
6428,33,2
6429,0,0
6430,0,0
6431,1,11
6432,1,0
6433,12,0
6434,0,0
6435,0,0
6436,12,0
6437,2,0
6438,0,0
6439,44,23
6440,0,0
6441,4,0
6442,3,0
6443,27,22
6444,14,0
6445,2,29
6446,7,9
6447,8,0
6448,1,4
6449,0,0
6450,0,18
6451,22,2
6452,9,33
6453,19,24
6454,0,0
6455,15,1
6456,15,29
6457,3,5
6458,1,0
6459,11,0
6460,0,4
6461,0,0
6462,17,20
6463,9,33
6464,15,0
6465,19,9
6466,0,10
6467,1,0
6468,24,20
6469,2,9
6470,7,0
6471,0,0
6472,0,0
6473,5,0
6474,3,7
6475,0,9
6476,17,12
6477,0,0
6478,10,0
6479,5,0
6480,28,0
6481,2,32
6482,0,0
6483,4,0
6484,0,0
6485,8,1
6486,1,0
6487,2,0
6488,5,7
6489,2,0
6490,0,0
6491,2,0
6492,2,0
6493,0,0
6494,0,0
6495,1,25
6496,13,0
6497,27,0
6498,16,0
6499,0,20
6500,10,0
6501,0,2
6502,27,0
6503,58,0
6504,2,35
6505,0,0
6506,0,24
6507,0,3
6508,40,18
6509,2,30
6510,0,4
6511,38,0
6512,0,0
6513,8,0
6514,10,13
6515,8,6
6516,0,5
6517,18,0
6518,15,105
6519,0,9
6520,14,2
6521,0,0
6522,14,3
6523,24,8
6524,12,1
6525,0,17
6526,0,0
6527,6,0
6528,12,21
6529,4,0
6530,0,39
6531,13,16
6532,4,0
6533,20,10
6534,0,18
6535,0,8
6536,2,0
6537,0,0
6538,35,0
6539,0,1
6540,13,0
6541,43,29
6542,5,0
6543,15,0
6544,15,0
6545,0,17
6546,0,6
6547,12,14
6548,14,0
6549,2,0
6550,11,1
6551,3,3
6552,0,4
6553,13,10
6554,6,0
6555,19,0
6556,6,15
6557,0,0
6558,0,26
6559,8,0
6560,7,0
6561,15,0
6562,21,24
6563,16,35
6564,5,2
6565,1,0
6566,11,0
6567,49,33
6568,28,70
6569,17,13
6570,0,0
6571,30,9
6572,49,51
6573,5,9
6574,3,3
6575,3,58
6576,9,18
6577,6,1
6578,12,5
6579,5,32
6580,3,10
6581,0,10
6582,11,83
6583,0,0
6584,12,24
6585,28,2
6586,22,47
6587,6,10
6588,2,18
6589,1,0
6590,0,0
6591,8,5
6592,0,0
6593,3,7
6594,3,6
6595,1,65
6596,9,7
6597,2,0
6598,7,5
6599,2,33
6600,5,15
6601,0,0
6602,0,0
6603,3,6
6604,11,12
6605,13,0
6606,0,0
6607,14,0
6608,0,0
6609,0,19
6610,0,1
6611,0,0
6612,18,0
6613,0,0
6614,0,0
6615,0,0
6616,0,7
6617,25,0
6618,26,0
6619,6,26
6620,0,0
6621,11,0
6622,0,0
6623,0,0
6624,19,0
6625,0,24
6626,1,0
6627,0,0
6628,0,13
6629,0,0
6630,0,0
6631,13,0
6632,0,0
6633,0,0
6634,0,0
6635,6,0
6636,0,12
6637,0,0
6638,3,0
6639,21,0
6640,4,0
6641,0,0
6642,0,0
6643,1,0
6644,0,1
6645,0,0
6646,3,0
6647,0,0
6648,6,0
6649,0,5
6650,0,0
6651,2,2
6652,0,0
6653,0,0
6654,0,0
6655,1,14
6656,3,0
6657,0,0
6658,0,0
6659,0,0
6660,0,0
6661,2,26
6662,13,0
6663,0,9
6664,1,8
6665,1,0
6666,10,0
6667,11,2
6668,26,6
6669,0,0
6670,0,0
6671,0,5
6672,0,0
6673,0,0
6674,0,0
6675,0,0
6676,0,0
6677,0,0
6678,0,0
6679,0,6
6680,0,0
6681,0,0
6682,5,1
6683,0,22
6684,1,0
6685,2,0
6686,0,22
6687,11,0
6688,7,37
6689,0,8
6690,5,14
6691,30,0
6692,0,0
6693,12,0
6694,0,0
6695,4,9
6696,0,0
6697,0,0
6698,0,18
6699,0,0
6700,43,40
6701,19,0
6702,19,43
6703,9,13
6704,67,1
6705,1,5
6706,7,23
6707,0,0
6708,61,27
6709,8,28
6710,33,3
6711,0,0
6712,0,0
6713,2,17
6714,1,0
6715,8,58
6716,1,10
6717,21,49
6718,0,1
6719,29,72
6720,0,0
6721,10,0
6722,0,13
6723,0,0
6724,20,0
6725,0,4
6726,0,10
6727,0,0
6728,0,0
6729,8,0
6730,0,0
6731,0,8
6732,0,0
6733,0,0
6734,0,0
6735,7,10
6736,0,1
6737,1,0
6738,12,0
6739,0,0
6740,0,0
6741,20,0
6742,12,0
6743,7,3
6744,1,0
6745,17,2
6746,39,0
6747,0,21
6748,6,18
6749,40,5
6750,0,15
6751,4,0
6752,0,0
6753,0,0
6754,22,16
6755,0,45
6756,8,30
6757,0,0
6758,9,0
6759,1,10
6760,0,0
6761,0,9
6762,1,0
6763,0,0
6764,0,0
6765,19,0
6766,9,0
6767,22,26
6768,0,13
6769,10,11
6770,0,0
6771,1,0
6772,0,4
6773,0,0
6774,5,0
6775,0,0
6776,21,0
6777,25,0
6778,22,28
6779,0,30
6780,3,1
6781,0,0
6782,0,17
6783,0,0
6784,0,0
6785,0,3
6786,0,0
6787,0,0
6788,0,0
6789,0,0
6790,0,0
6791,0,0
6792,1,0
6793,0,0
6794,0,0
6795,0,0
6796,0,0
6797,12,56
6798,0,0
6799,0,0
6800,7,0
6801,0,0
6802,0,0
6803,1,0
6804,0,2
6805,0,13
6806,0,0
6807,0,0
6808,0,0
6809,0,0
6810,0,0
6811,0,0
6812,0,0
6813,0,0
6814,0,0
6815,0,0
6816,0,0
6817,0,0
6818,0,0
6819,0,1
6820,0,0
6821,0,0
6822,0,6
6823,14,18
6824,0,0
6825,0,0
6826,9,0
6827,0,6
6828,0,0
6829,0,0
6830,0,0
6831,0,0
6832,0,0
6833,0,36
6834,0,1
6835,3,0
6836,0,0
6837,20,0
6838,0,12
6839,0,23
6840,0,0
6841,0,0
6842,3,18
6843,0,0
6844,13,0
6845,0,24
6846,0,0
6847,15,0
6848,7,9
6849,12,0
6850,0,0
6851,0,9
6852,0,0
6853,3,0
6854,0,0
6855,12,0
6856,18,0
6857,0,0
6858,58,0
6859,2,0
6860,12,10
6861,0,0
6862,0,0
6863,0,0
6864,17,0
6865,0,0
6866,0,0
6867,10,0
6868,0,1
6869,0,0
6870,0,12
6871,0,0
6872,0,0
6873,0,0
6874,0,0
6875,0,3
6876,0,0
6877,3,41
6878,0,0
6879,4,0
6880,0,14
6881,52,18
6882,8,3
6883,3,0
6884,35,3
6885,35,12
6886,0,20
6887,11,0
6888,10,2
6889,0,5
6890,7,0
6891,2,0
6892,0,0
6893,4,0
6894,0,0
6895,29,0
6896,2,0
6897,5,30
6898,1,0
6899,18,11
6900,0,0
6901,0,12
6902,1,2
6903,0,0
6904,9,35
6905,6,7
6906,0,1
6907,0,0
6908,0,0
6909,0,0
6910,0,0
6911,18,0
6912,0,0
6913,3,7
6914,0,0
6915,0,0
6916,0,0
6917,1,0
6918,5,0
6919,2,0
6920,23,4
6921,0,0
6922,0,0
6923,12,0
6924,4,0
6925,0,15
6926,0,0
6927,0,1
6928,3,16
6929,9,0
6930,0,0
6931,15,2
6932,13,17
6933,0,0
6934,0,0
6935,3,10
6936,10,0
6937,7,0
6938,11,0
6939,1,0
6940,8,0
6941,2,32
6942,0,2
6943,20,0
6944,0,0
6945,13,0
6946,1,0
6947,0,0
6948,0,22
6949,7,3
6950,1,0
6951,0,0
6952,0,0
6953,0,15
6954,0,0
6955,15,15
6956,5,2
6957,6,0
6958,0,0
6959,0,0
6960,28,35
6961,26,25
6962,30,6
6963,2,7
6964,11,28
6965,9,0
6966,0,10
6967,7,8
6968,10,0
6969,2,0
6970,0,0
6971,0,16
6972,0,0
6973,6,19
6974,0,0
6975,0,1
6976,0,6
6977,24,7
6978,10,12
6979,11,9
6980,22,30
6981,36,4
6982,16,31
6983,41,45
6984,27,10
6985,56,40
6986,17,10
6987,11,0
6988,10,8
6989,18,13
6990,0,11
6991,55,55
6992,5,0
6993,0,0
6994,0,2
6995,24,58
6996,13,22
6997,8,9
6998,3,38
6999,0,0
7000,14,0
7001,4,8
7002,3,29
7003,43,38
7004,29,11
7005,0,0
7006,6,18
7007,25,0
7008,9,0
7009,0,44
7010,46,3
7011,13,0
7012,1,8
7013,13,7
7014,12,0
7015,12,7
7016,6,24
7017,9,10
7018,5,2
7019,0,0
7020,0,2
7021,0,0
7022,0,0
7023,0,0
7024,12,4
7025,0,0
7026,7,35
7027,0,30
7028,0,0
7029,0,0
7030,0,0
7031,0,0
7032,7,0
7033,0,0
7034,0,0
7035,0,0
7036,6,0
7037,3,0
7038,0,0
7039,0,6
7040,0,0
7041,0,0
7042,0,0
7043,0,0
7044,0,0
7045,0,0
7046,0,0
7047,0,0
7048,0,0
7049,3,0
7050,0,0
7051,0,0
7052,0,0
7053,8,0
7054,0,0
7055,0,0
7056,0,0
7057,0,0
7058,0,0
7059,9,0
7060,0,0
7061,0,0
7062,0,0
7063,0,0
7064,0,0
7065,0,0
7066,0,0
7067,0,0
7068,14,0
7069,0,0
7070,0,6
7071,0,0
7072,0,0
7073,0,0
7074,0,0
7075,7,0
7076,0,0
7077,23,0
7078,0,0
7079,10,0
7080,0,0
7081,0,0
7082,0,11
7083,0,0
7084,0,4
7085,6,0
7086,0,0
7087,0,0
7088,5,21
7089,0,0
7090,0,0
7091,0,0
7092,0,0
7093,0,0
7094,0,0
7095,0,0
7096,0,0
7097,0,0
7098,0,0
7099,0,2
7100,0,0
7101,0,6
7102,7,1
7103,1,0
7104,0,5
7105,0,5
7106,0,0
7107,0,14
7108,5,0
7109,0,0
7110,0,0
7111,0,0
7112,0,5
7113,0,0
7114,4,0
7115,0,0
7116,0,0
7117,0,0
7118,0,0
7119,9,0
7120,2,0
7121,1,5
7122,2,0
7123,0,0
7124,0,0
7125,0,1
7126,0,0
7127,0,3
7128,0,0
7129,0,0
7130,0,0
7131,0,0
7132,3,0
7133,23,0
7134,0,0
7135,0,0
7136,0,0
7137,0,0
7138,3,0
7139,2,0
7140,0,0
7141,2,0
7142,3,0
7143,0,0
7144,2,0
7145,0,0
7146,0,1
7147,0,0
7148,0,0
7149,0,0
7150,0,0
7151,0,0
7152,0,0
7153,0,1
7154,0,0
7155,8,0
7156,0,0
7157,0,0
7158,0,0
7159,0,0
7160,0,0
7161,0,0
7162,4,0
7163,10,0
7164,0,0
7165,0,0
7166,13,1
7167,0,0
7168,0,0
7169,4,0
7170,0,1
7171,0,0
7172,1,0
7173,0,0
7174,0,0
7175,0,0
7176,0,0
7177,0,0
7178,0,0
7179,0,0
7180,23,1
7181,2,3
7182,1,0
7183,0,0
7184,3,0
7185,0,0
7186,0,0
7187,0,0
7188,19,0
7189,0,0
7190,0,0
7191,0,0
7192,0,0
7193,0,1
7194,0,0
7195,0,0
7196,0,0
7197,1,0
7198,0,0
7199,0,2
7200,0,0
7201,1,59
7202,0,31
7203,0,0
7204,1,0
7205,1,24
7206,3,0
7207,0,1
7208,21,0
7209,1,0
7210,0,7
7211,15,0
7212,2,0
7213,12,0
7214,2,5
7215,0,0
7216,11,0
7217,0,30
7218,5,0
7219,5,0
7220,0,0
7221,0,0
7222,0,0
7223,0,0
7224,0,0
7225,0,0
7226,0,0
7227,0,0
7228,0,0
7229,0,0
7230,0,0
7231,0,0
7232,0,0
7233,0,0
7234,0,0
7235,0,0
7236,0,0
7237,0,0
7238,0,0
7239,0,0
7240,3,3
7241,7,3
7242,14,5
7243,0,2
7244,2,2
7245,8,9
7246,0,0
7247,9,22
7248,4,28
7249,2,0
7250,3,0
7251,6,1
7252,0,9
7253,12,0
7254,0,2
7255,5,9
7256,0,5
7257,16,38
7258,3,11
7259,0,10
7260,0,0
7261,0,0
7262,0,0
7263,0,0
7264,0,36
7265,9,0
7266,11,0
7267,0,3
7268,8,0
7269,0,0
7270,0,0
7271,1,4
7272,0,0
7273,0,0
7274,0,0
7275,0,0
7276,0,0
7277,0,0
7278,0,0
7279,0,0
7280,0,0
7281,7,10
7282,14,6
7283,0,12
7284,44,0
7285,0,0
7286,28,27
7287,2,10
7288,4,1
7289,4,0
7290,0,6
7291,0,17
7292,0,0
7293,0,28
7294,0,8
7295,3,1
7296,1,0
7297,3,1
7298,6,2
7299,6,0
7300,0,0
7301,0,0
7302,0,0
7303,0,0
7304,0,0
7305,0,0
7306,0,0
7307,0,0
7308,0,0
7309,0,0
7310,0,0
7311,0,0
7312,0,0
7313,0,0
7314,0,0
7315,0,0
7316,0,0
7317,0,0
7318,0,0
7319,0,0
7320,0,0
7321,0,0
7322,0,0
7323,0,26
7324,0,0
7325,0,0
7326,0,0
7327,0,0
7328,21,0
7329,0,0
7330,2,0
7331,0,0
7332,0,0
7333,0,0
7334,0,0
7335,0,0
7336,0,0
7337,0,0
7338,0,0
7339,4,10
7340,4,0
7341,23,0
7342,0,0
7343,0,9
7344,0,0
7345,0,0
7346,0,20
7347,7,0
7348,0,1
7349,0,0
7350,1,0
7351,0,21
7352,0,0
7353,0,1
7354,0,6
7355,0,0
7356,0,0
7357,0,0
7358,0,0
7359,2,5
7360,11,4
7361,4,2
7362,2,26
7363,14,0
7364,0,0
7365,12,19
7366,7,9
7367,12,7
7368,9,35
7369,18,9
7370,1,21
7371,0,0
7372,0,0
7373,0,0
7374,0,0
7375,0,2
7376,24,26
7377,1,0
7378,0,0
7379,2,16
7380,0,40
7381,0,0
7382,20,18
7383,0,0
7384,3,3
7385,0,5
7386,1,0
7387,17,17
7388,20,0
7389,0,0
7390,0,0
7391,4,0
7392,0,0
7393,0,0
7394,0,0
7395,0,0
7396,0,0
7397,0,0
7398,0,5
7399,25,32
7400,7,1
7401,5,1
7402,2,30
7403,3,39
7404,22,10
7405,0,70
7406,2,0
7407,35,19
7408,14,0
7409,11,0
7410,13,1
7411,3,22
7412,1,15
7413,2,0
7414,26,0
7415,4,29
7416,1,0
7417,13,0
7418,6,6
7419,29,33
7420,12,0
7421,11,17
7422,3,45
7423,0,0
7424,5,0
7425,13,25
7426,33,0
7427,27,13
7428,11,0
7429,0,13
7430,7,0
7431,2,20
7432,0,0
7433,5,32
7434,1,0
7435,2,0
7436,7,0
7437,0,0
7438,0,0
7439,2,0
7440,17,21
7441,7,7
7442,19,17
7443,0,19
7444,5,17
7445,6,23
7446,29,14
7447,24,0
7448,27,28
7449,39,23
7450,1,9
7451,31,0
7452,0,0
7453,2,0
7454,0,0
7455,0,8
7456,30,15
7457,27,0
7458,0,5
7459,34,0
7460,26,5
7461,17,61
7462,9,41
7463,6,17
7464,41,3
7465,16,35
7466,3,53
7467,6,43
7468,22,25
7469,18,3
7470,12,0
7471,4,24
7472,17,64
7473,20,0
7474,12,0
7475,27,20
7476,33,8
7477,35,60
7478,25,22
7479,31,0
7480,0,0
7481,0,6
7482,3,0
7483,0,0
7484,0,0
7485,9,0
7486,13,1
7487,0,7
7488,1,32
7489,0,3
7490,0,0
7491,1,0
7492,0,0
7493,15,0
7494,0,0
7495,0,0
7496,0,0
7497,0,3
7498,2,1
7499,6,0
7500,11,0
7501,0,0
7502,0,0
7503,0,0
7504,0,0
7505,0,0
7506,0,0
7507,0,0
7508,0,0
7509,1,0
7510,0,0
7511,13,40
7512,0,0
7513,0,0
7514,0,0
7515,4,0
7516,0,11
7517,0,0
7518,0,26
7519,0,0
7520,20,17
7521,2,0
7522,0,0
7523,13,0
7524,0,0
7525,3,1
7526,0,0
7527,23,0
7528,0,0
7529,0,8
7530,0,0
7531,0,0
7532,0,4
7533,4,1
7534,20,16
7535,0,0
7536,0,0
7537,5,0
7538,0,1
7539,0,0
7540,0,5
7541,0,0
7542,0,0
7543,0,0
7544,0,0
7545,1,0
7546,0,10
7547,0,3
7548,0,0
7549,0,0
7550,0,0
7551,0,0
7552,0,0
7553,0,0
7554,1,0
7555,0,0
7556,0,0
7557,0,0
7558,0,0
7559,14,1
7560,1,21
7561,25,0
7562,0,3
7563,0,0
7564,0,23
7565,0,9
7566,0,7
7567,0,5
7568,8,19
7569,0,8
7570,0,0
7571,18,0
7572,6,1
7573,0,0
7574,5,0
7575,0,0
7576,14,0
7577,0,0
7578,27,1
7579,42,70
7580,0,0
7581,9,21
7582,1,0
7583,0,0
7584,0,0
7585,0,0
7586,3,0
7587,0,0
7588,0,6
7589,0,0
7590,0,0
7591,0,0
7592,0,0
7593,0,2
7594,0,2
7595,0,0
7596,0,0
7597,0,0
7598,2,0
7599,0,0
7600,3,0
7601,3,10
7602,0,20
7603,13,14
7604,3,6
7605,0,0
7606,0,0
7607,5,0
7608,3,13
7609,0,0
7610,4,0
7611,11,4
7612,0,0
7613,0,2
7614,0,11
7615,12,0
7616,0,0
7617,15,0
7618,6,0
7619,3,0
7620,0,0
7621,11,0
7622,0,0
7623,0,0
7624,0,0
7625,0,3
7626,8,0
7627,0,0
7628,4,0
7629,7,0
7630,3,0
7631,13,0
7632,2,1
7633,0,0
7634,0,0
7635,12,0
7636,0,0
7637,0,0
7638,0,7
7639,0,0
7640,5,2
7641,0,0
7642,0,0
7643,0,0
7644,2,2
7645,0,0
7646,1,0
7647,1,26
7648,0,0
7649,0,0
7650,0,0
7651,0,25
7652,0,0
7653,0,0
7654,0,0
7655,0,0
7656,2,0
7657,0,0
7658,0,0
7659,0,0
7660,0,0
7661,0,0
7662,3,0
7663,0,9
7664,0,0
7665,0,0
7666,0,21
7667,0,2
7668,0,0
7669,0,0
7670,0,5
7671,3,0
7672,0,0
7673,0,0
7674,0,0
7675,0,4
7676,0,0
7677,0,0
7678,0,0
7679,2,0
7680,8,10
7681,0,0
7682,0,0
7683,0,0
7684,0,0
7685,0,0
7686,5,0
7687,4,1
7688,0,0
7689,0,0
7690,5,0
7691,0,13
7692,13,0
7693,0,0
7694,2,0
7695,0,0
7696,8,0
7697,4,0
7698,0,0
7699,0,0
7700,0,0
7701,0,0
7702,0,0
7703,0,0
7704,0,0
7705,0,0
7706,0,0
7707,0,0
7708,0,0
7709,0,0
7710,0,0
7711,0,0
7712,0,0
7713,0,0
7714,0,0
7715,0,0
7716,0,0
7717,0,0
7718,0,0
7719,0,0
7720,11,0
7721,0,0
7722,0,0
7723,0,0
7724,0,8
7725,0,0
7726,0,0
7727,0,0
7728,3,0
7729,0,0
7730,0,0
7731,3,3
7732,0,0
7733,0,13
7734,0,5
7735,0,0
7736,11,0
7737,0,0
7738,0,49
7739,0,0
7740,12,0
7741,1,0
7742,3,2
7743,0,5
7744,0,0
7745,0,5
7746,1,6
7747,0,63
7748,2,0
7749,0,11
7750,4,0
7751,0,0
7752,11,0
7753,4,0
7754,0,0
7755,0,0
7756,0,0
7757,0,0
7758,45,18
7759,0,0
7760,12,0
7761,0,0
7762,0,0
7763,0,0
7764,0,0
7765,6,0
7766,6,0
7767,0,0
7768,1,0
7769,1,0
7770,7,0
7771,2,0
7772,0,0
7773,18,0
7774,0,0
7775,12,18
7776,0,2
7777,0,0
7778,9,0
7779,3,13
7780,6,2
7781,3,0
7782,19,0
7783,3,0
7784,0,9
7785,15,16
7786,0,0
7787,0,1
7788,19,3
7789,0,2
7790,4,6
7791,22,25
7792,0,13
7793,0,9
7794,0,0
7795,13,14
7796,0,0
7797,4,0
7798,52,0
7799,0,1
7800,22,0
7801,24,0
7802,12,33
7803,2,14
7804,40,3
7805,9,18
7806,0,1
7807,0,0
7808,4,1
7809,5,0
7810,0,7
7811,32,23
7812,8,19
7813,4,5
7814,0,0
7815,8,0
7816,0,0
7817,8,12
7818,17,13
7819,13,11
7820,0,0
7821,8,9
7822,1,0
7823,0,5
7824,0,0
7825,1,0
7826,0,1
7827,12,0
7828,0,38
7829,1,9
7830,0,0
7831,0,0
7832,23,0
7833,0,11
7834,0,0
7835,6,19
7836,0,0
7837,13,0
7838,0,0
7839,5,2
7840,0,13
7841,0,0
7842,0,13
7843,0,0
7844,1,0
7845,0,37
7846,0,11
7847,0,0
7848,0,0
7849,0,16
7850,0,0
7851,0,0
7852,0,5
7853,0,0
7854,0,0
7855,0,0
7856,5,0
7857,0,0
7858,0,0
7859,0,0
7860,4,0
7861,0,0
7862,0,0
7863,46,0
7864,7,8
7865,0,0
7866,1,21
7867,0,0
7868,0,0
7869,0,0
7870,0,0
7871,0,0
7872,0,7
7873,0,0
7874,0,0
7875,0,0
7876,0,0
7877,0,0
7878,0,0
7879,17,0
7880,0,11
7881,1,0
7882,22,0
7883,39,25
7884,36,26
7885,1,33
7886,2,11
7887,3,0
7888,0,1
7889,0,3
7890,8,0
7891,16,4
7892,13,0
7893,3,30
7894,2,4
7895,7,0
7896,22,35
7897,7,0
7898,22,23
7899,20,0
7900,0,0
7901,0,0
7902,0,0
7903,0,0
7904,0,0
7905,0,0
7906,0,0
7907,0,0
7908,0,0
7909,0,0
7910,0,0
7911,0,0
7912,0,0
7913,0,0
7914,0,0
7915,0,0
7916,0,0
7917,0,0
7918,0,0
7919,0,0
7920,0,38
7921,0,0
7922,2,1
7923,0,0
7924,0,0
7925,0,9
7926,0,0
7927,0,2
7928,5,20
7929,0,0
7930,0,0
7931,0,0
7932,0,0
7933,0,0
7934,0,0
7935,0,0
7936,0,0
7937,0,0
7938,0,19
7939,0,0
7940,0,0
7941,2,49
7942,0,18
7943,0,0
7944,0,0
7945,23,1
7946,25,0
7947,20,0
7948,1,0
7949,0,7
7950,0,0
7951,0,0
7952,0,0
7953,0,0
7954,11,1
7955,0,1
7956,1,0
7957,1,3
7958,0,1
7959,0,0
7960,14,3
7961,28,63
7962,12,15
7963,29,17
7964,10,16
7965,24,4
7966,2,8
7967,5,10
7968,23,0
7969,1,0
7970,0,0
7971,4,4
7972,6,18
7973,25,4
7974,14,45
7975,0,0
7976,20,2
7977,21,32
7978,13,48
7979,0,9
7980,10,0
7981,38,0
7982,10,6
7983,0,0
7984,14,0
7985,4,0
7986,20,13
7987,27,61
7988,21,18
7989,12,3
7990,18,29
7991,0,1
7992,17,5
7993,11,6
7994,15,97
7995,11,31
7996,0,42
7997,7,1
7998,20,0
7999,0,14
8000,18,0
8001,0,0
8002,8,14
8003,0,19
8004,5,21
8005,19,22
8006,0,3
8007,0,8
8008,30,0
8009,0,5
8010,0,4
8011,5,5
8012,6,21
8013,8,0
8014,0,0
8015,0,0
8016,31,35
8017,2,8
8018,8,35
8019,1,0
8020,0,10
8021,4,35
8022,18,12
8023,0,0
8024,8,1
8025,4,17
8026,0,4
8027,15,2
8028,19,14
8029,8,0
8030,0,32
8031,0,0
8032,3,32
8033,4,3
8034,41,0
8035,14,0
8036,0,0
8037,19,29
8038,8,48
8039,0,0
8040,0,0
8041,0,14
8042,4,0
8043,0,0
8044,0,12
8045,0,0
8046,0,24
8047,0,0
8048,8,0
8049,0,12
8050,0,0
8051,15,33
8052,1,0
8053,0,13
8054,0,0
8055,0,0
8056,0,0
8057,0,29
8058,0,0
8059,1,5
8060,22,21
8061,0,0
8062,7,0
8063,0,0
8064,11,0
8065,1,0
8066,1,0
8067,2,2
8068,3,1
8069,0,0
8070,6,0
8071,0,0
8072,0,0
8073,6,1
8074,0,0
8075,0,0
8076,0,0
8077,2,0
8078,0,1
8079,1,0
8080,0,18
8081,0,0
8082,3,0
8083,0,0
8084,0,0
8085,6,0
8086,18,0
8087,1,37
8088,11,1
8089,0,0
8090,0,0
8091,4,0
8092,0,0
8093,1,2
8094,0,0
8095,17,0
8096,0,0
8097,0,2
8098,2,0
8099,1,0
8100,0,0
8101,4,46
8102,10,0
8103,0,36
8104,0,13
8105,1,0
8106,0,5
8107,0,16
8108,0,21
8109,0,0
8110,7,0
8111,4,0
8112,0,0
8113,1,4
8114,0,0
8115,0,0
8116,0,0
8117,0,0
8118,4,0
8119,4,5
8120,17,0
8121,10,1
8122,9,24
8123,0,21
8124,0,0
8125,7,4
8126,1,9
8127,10,8
8128,4,0
8129,5,6
8130,3,44
8131,21,4
8132,0,10
8133,0,11
8134,0,8
8135,5,12
8136,0,0
8137,0,21
8138,0,0
8139,4,0
8140,24,1
8141,12,28
8142,23,10
8143,13,1
8144,30,25
8145,33,7
8146,23,0
8147,7,0
8148,37,28
8149,18,16
8150,13,1
8151,23,12
8152,5,5
8153,11,0
8154,28,38
8155,38,4
8156,22,24
8157,1,6
8158,27,11
8159,3,18
8160,3,0
8161,35,11
8162,20,15
8163,8,8
8164,0,0
8165,3,9
8166,21,16
8167,6,17
8168,29,2
8169,16,0
8170,2,0
8171,32,0
8172,2,3
8173,1,0
8174,0,0
8175,3,6
8176,0,0
8177,9,3
8178,17,1
8179,6,8
8180,4,16
8181,8,8
8182,14,22
8183,7,2
8184,20,7
8185,12,13
8186,18,11
8187,6,31
8188,15,38
8189,6,0
8190,10,0
8191,2,0
8192,22,0
8193,5,0
8194,10,0
8195,0,0
8196,36,27
8197,14,23
8198,0,0
8199,3,12
8200,0,30
8201,0,28
8202,0,0
8203,0,0
8204,18,0
8205,4,0
8206,2,0
8207,0,0
8208,0,14
8209,5,19
8210,0,0
8211,7,0
8212,11,0
8213,14,0
8214,0,0
8215,10,0
8216,0,0
8217,15,0
8218,0,2
8219,8,0
8220,0,0
8221,16,1
8222,6,0
8223,0,4
8224,13,17
8225,9,21
8226,1,27
8227,13,2
8228,10,0
8229,18,20
8230,0,0
8231,22,31
8232,1,15
8233,24,0
8234,10,0
8235,6,4
8236,2,1
8237,24,53
8238,7,49
8239,31,14
8240,15,36
8241,14,0
8242,28,9
8243,4,16
8244,18,24
8245,0,1
8246,9,13
8247,27,9
8248,13,41
8249,9,28
8250,7,31
8251,5,13
8252,12,3
8253,17,18
8254,21,38
8255,0,16
8256,22,59
8257,5,5
8258,5,0
8259,9,3
8260,4,32
8261,2,0
8262,16,31
8263,19,18
8264,13,14
8265,11,13
8266,17,7
8267,3,4
8268,9,0
8269,5,14
8270,3,1
8271,9,21
8272,5,24
8273,10,21
8274,13,30
8275,3,36
8276,4,0
8277,22,12
8278,9,18
8279,1,32
8280,0,0
8281,0,0
8282,0,0
8283,0,0
8284,0,0
8285,0,0
8286,0,0
8287,0,0
8288,0,12
8289,0,0
8290,0,0
8291,0,0
8292,0,0
8293,0,0
8294,0,0
8295,0,0
8296,0,0
8297,0,0
8298,0,0
8299,0,0
8300,15,18
8301,17,15
8302,22,20
8303,39,30
8304,22,25
8305,29,12
8306,7,11
8307,8,10
8308,2,0
8309,9,18
8310,36,0
8311,6,1
8312,3,9
8313,7,40
8314,24,57
8315,2,0
8316,0,0
8317,19,10
8318,7,1
8319,5,8
8320,1,2
8321,8,0
8322,13,71
8323,16,16
8324,3,9
8325,23,28
8326,22,4
8327,16,7
8328,0,4
8329,1,12
8330,1,3
8331,26,13
8332,13,2
8333,1,4
8334,3,10
8335,40,21
8336,19,26
8337,28,47
8338,18,27
8339,15,0
8340,1,0
8341,7,20
8342,13,1
8343,0,6
8344,0,0
8345,0,5
8346,25,0
8347,2,11
8348,13,0
8349,0,0
8350,2,3
8351,10,0
8352,1,0
8353,0,15
8354,0,10
8355,0,16
8356,60,82
8357,9,0
8358,20,0
8359,6,0
8360,31,2
8361,0,0
8362,12,16
8363,45,34
8364,0,59
8365,0,49
8366,9,37
8367,22,7
8368,56,49
8369,0,62
8370,15,8
8371,25,0
8372,18,93
8373,40,14
8374,19,9
8375,25,15
8376,17,31
8377,49,6
8378,23,50
8379,1,0
8380,0,32
8381,0,0
8382,0,0
8383,0,0
8384,0,0
8385,0,0
8386,6,0
8387,0,4
8388,10,9
8389,0,0
8390,0,0
8391,0,0
8392,0,0
8393,0,0
8394,0,0
8395,10,0
8396,0,0
8397,0,0
8398,1,11
8399,0,0
8400,7,22
8401,0,19
8402,0,2
8403,0,0
8404,0,0
8405,0,0
8406,9,11
8407,0,4
8408,0,0
8409,0,8
8410,0,0
8411,2,0
8412,6,0
8413,11,0
8414,0,2
8415,0,0
8416,11,0
8417,5,0
8418,11,10
8419,0,0
8420,6,9
8421,0,0
8422,3,3
8423,0,23
8424,11,0
8425,22,3
8426,1,0
8427,5,0
8428,12,33
8429,39,0
8430,0,0
8431,0,4
8432,0,7
8433,5,34
8434,2,2
8435,14,0
8436,0,3
8437,0,2
8438,10,0
8439,0,0
8440,0,37
8441,0,0
8442,23,31
8443,0,21
8444,38,5
8445,1,0
8446,0,0
8447,14,0
8448,0,42
8449,9,21
8450,24,0
8451,21,0
8452,13,0
8453,0,0
8454,0,0
8455,19,26
8456,14,4
8457,0,0
8458,4,11
8459,10,0
8460,0,0
8461,0,5
8462,0,5
8463,0,0
8464,10,0
8465,0,0
8466,2,2
8467,8,2
8468,0,0
8469,0,10
8470,25,0
8471,0,0
8472,0,0
8473,0,0
8474,0,0
8475,0,0
8476,5,0
8477,8,0
8478,0,0
8479,3,0
8480,0,1
8481,0,8
8482,1,3
8483,2,13
8484,10,0
8485,0,3
8486,0,0
8487,6,0
8488,4,0
8489,5,2
8490,6,0
8491,3,4
8492,9,22
8493,0,0
8494,0,0
8495,10,2
8496,0,0
8497,6,36
8498,11,0
8499,0,0
8500,3,0
8501,4,8
8502,0,0
8503,17,0
8504,5,48
8505,0,0
8506,0,0
8507,0,0
8508,0,0
8509,1,0
8510,10,0
8511,0,0
8512,0,27
8513,0,0
8514,0,0
8515,0,0
8516,0,0
8517,0,0
8518,0,0
8519,0,0
8520,17,6
8521,28,16
8522,68,0
8523,23,0
8524,0,0
8525,12,7
8526,0,1
8527,7,2
8528,6,55
8529,2,32
8530,0,0
8531,6,1
8532,0,0
8533,21,39
8534,5,1
8535,3,10
8536,0,27
8537,27,35
8538,46,16
8539,32,5
8540,21,4
8541,11,0
8542,8,8
8543,3,5
8544,17,2
8545,22,0
8546,4,0
8547,11,0
8548,4,35
8549,4,0
8550,13,3
8551,0,43
8552,3,2
8553,0,20
8554,3,0
8555,0,0
8556,0,0
8557,0,0
8558,17,0
8559,1,42
8560,19,1
8561,25,1
8562,17,0
8563,20,11
8564,14,48
8565,32,10
8566,1,16
8567,10,13
8568,6,0
8569,0,0
8570,13,28
8571,0,0
8572,0,8
8573,0,0
8574,3,44
8575,0,0
8576,8,0
8577,17,0
8578,8,1
8579,2,0
8580,1,0
8581,0,0
8582,9,0
8583,10,17
8584,3,0
8585,1,15
8586,0,0
8587,1,5
8588,6,3
8589,0,1
8590,9,0
8591,8,0
8592,0,0
8593,3,5
8594,1,0
8595,5,0
8596,0,0
8597,15,13
8598,0,0
8599,3,0
8600,0,0
8601,4,0
8602,0,1
8603,0,0
8604,0,0
8605,0,0
8606,0,0
8607,0,4
8608,0,0
8609,0,0
8610,0,0
8611,0,0
8612,0,0
8613,0,0
8614,0,0
8615,0,0
8616,0,0
8617,0,0
8618,0,0
8619,0,0
8620,1,0
8621,0,0
8622,0,2
8623,0,0
8624,13,0
8625,0,0
8626,0,0
8627,0,0
8628,0,2
8629,1,0
8630,0,0
8631,12,0
8632,0,2
8633,0,0
8634,0,0
8635,2,4
8636,0,0
8637,30,4
8638,30,25
8639,2,0
8640,0,35
8641,0,0
8642,1,0
8643,0,0
8644,0,0
8645,0,0
8646,0,0
8647,0,0
8648,0,0
8649,0,0
8650,0,0
8651,0,0
8652,0,0
8653,0,0
8654,0,0
8655,0,7
8656,0,0
8657,0,0
8658,1,0
8659,4,5
8660,0,0
8661,4,10
8662,0,0
8663,2,6
8664,0,0
8665,0,5
8666,0,6
8667,0,0
8668,0,0
8669,0,1
8670,1,6
8671,6,0
8672,0,0
8673,0,0
8674,0,0
8675,7,4
8676,19,0
8677,0,0
8678,7,2
8679,0,0
8680,1,12
8681,0,0
8682,2,0
8683,0,14
8684,0,0
8685,0,0
8686,0,0
8687,0,0
8688,4,7
8689,4,1
8690,0,0
8691,0,6
8692,6,0
8693,0,0
8694,0,0
8695,0,12
8696,0,0
8697,0,0
8698,9,1
8699,0,0
8700,4,0
8701,0,0
8702,5,2
8703,0,0
8704,5,0
8705,2,0
8706,0,0
8707,4,0
8708,8,1
8709,0,0
8710,0,0
8711,6,1
8712,21,0
8713,4,0
8714,0,0
8715,1,0
8716,0,0
8717,0,0
8718,0,0
8719,0,10
8720,0,0
8721,3,1
8722,0,0
8723,0,0
8724,0,0
8725,0,0
8726,0,0
8727,3,0
8728,9,0
8729,0,0
8730,0,0
8731,0,0
8732,0,0
8733,0,0
8734,0,0
8735,1,0
8736,0,0
8737,0,0
8738,0,0
8739,0,0
8740,0,0
8741,0,0
8742,6,11
8743,3,0
8744,0,0
8745,0,0
8746,0,0
8747,0,0
8748,0,1
8749,0,0
8750,0,0
8751,0,0
8752,0,0
8753,0,0
8754,0,0
8755,11,0
8756,1,0
8757,0,0
8758,0,0
8759,0,0
8760,0,0
8761,0,0
8762,0,0
8763,0,0
8764,6,0
8765,0,0
8766,0,0
8767,0,0
8768,0,0
8769,9,0
8770,3,0
8771,0,0
8772,0,0
8773,0,1
8774,0,0
8775,0,7
8776,0,0
8777,1,18
8778,0,12
8779,0,0
8780,0,16
8781,0,2
8782,0,0
8783,0,0
8784,0,0
8785,0,0
8786,0,0
8787,0,0
8788,0,0
8789,1,0
8790,0,0
8791,0,1
8792,0,22
8793,0,0
8794,0,0
8795,0,0
8796,0,0
8797,0,0
8798,0,1
8799,0,0
8800,0,0
8801,0,0
8802,0,0
8803,0,0
8804,0,2
8805,0,0
8806,0,0
8807,15,0
8808,0,5
8809,0,0
8810,3,0
8811,2,0
8812,0,3
8813,0,0
8814,0,0
8815,0,7
8816,0,0
8817,0,0
8818,0,0
8819,0,0
8820,0,0
8821,0,0
8822,0,0
8823,0,0
8824,0,0
8825,0,0
8826,0,0
8827,0,22
8828,0,0
8829,0,1
8830,0,0
8831,0,0
8832,0,0
8833,0,0
8834,0,0
8835,0,14
8836,0,0
8837,0,2
8838,0,0
8839,0,0
8840,0,7
8841,0,0
8842,0,0
8843,0,0
8844,2,0
8845,1,0
8846,0,10
8847,0,0
8848,2,13
8849,0,0
8850,0,0
8851,0,0
8852,12,0
8853,0,0
8854,0,15
8855,0,0
8856,0,0
8857,0,23
8858,2,0
8859,0,8
8860,0,0
8861,0,0
8862,0,0
8863,0,0
8864,0,0
8865,0,0
8866,0,0
8867,0,0
8868,0,0
8869,0,0
8870,0,0
8871,0,0
8872,0,0
8873,0,0
8874,8,0
8875,0,0
8876,0,0
8877,0,0
8878,9,0
8879,0,0
8880,0,0
8881,2,0
8882,1,0
8883,0,0
8884,0,0
8885,0,0
8886,0,0
8887,7,0
8888,1,0
8889,0,0
8890,0,0
8891,0,0
8892,0,0
8893,0,2
8894,0,0
8895,0,7
8896,0,0
8897,0,0
8898,0,0
8899,3,0
8900,0,0
8901,0,0
8902,0,0
8903,8,0
8904,0,0
8905,0,0
8906,0,0
8907,0,0
8908,0,0
8909,0,0
8910,0,0
8911,0,0
8912,0,0
8913,0,0
8914,0,0
8915,0,0
8916,0,0
8917,0,0
8918,0,0
8919,0,0
8920,0,0
8921,0,0
8922,0,0
8923,0,0
8924,0,0
8925,0,0
8926,0,0
8927,0,0
8928,0,0
8929,0,0
8930,0,0
8931,0,0
8932,0,0
8933,0,0
8934,0,0
8935,0,0
8936,0,0
8937,0,0
8938,0,0
8939,0,0
8940,9,0
8941,0,4
8942,6,0
8943,0,0
8944,0,0
8945,1,0
8946,8,8
8947,0,0
8948,0,42
8949,0,0
8950,0,0
8951,13,12
8952,5,0
8953,1,0
8954,0,0
8955,0,9
8956,2,0
8957,1,12
8958,0,0
8959,14,5
8960,0,0
8961,0,0
8962,0,0
8963,0,0
8964,0,0
8965,0,0
8966,0,0
8967,0,0
8968,0,0
8969,0,0
8970,0,0
8971,0,0
8972,0,0
8973,0,0
8974,0,0
8975,0,0
8976,0,0
8977,0,0
8978,0,0
8979,0,0
8980,0,0
8981,0,0
8982,0,0
8983,0,0
8984,3,0
8985,26,0
8986,0,0
8987,3,0
8988,0,16
8989,0,0
8990,0,0
8991,0,0
8992,1,8
8993,0,0
8994,0,4
8995,6,0
8996,2,0
8997,0,7
8998,0,0
8999,5,0
9000,1,0
9001,18,0
9002,0,0
9003,1,1
9004,17,2
9005,18,17
9006,0,25
9007,1,0
9008,0,17
9009,0,7
9010,1,14
9011,0,3
9012,7,4
9013,3,0
9014,0,2
9015,0,3
9016,6,0
9017,14,15
9018,0,0
9019,3,11
9020,4,0
9021,0,21
9022,0,0
9023,5,0
9024,2,0
9025,0,0
9026,6,10
9027,3,46
9028,5,19
9029,18,0
9030,1,0
9031,5,0
9032,0,0
9033,9,0
9034,0,0
9035,8,0
9036,6,0
9037,3,15
9038,16,0
9039,1,59
9040,0,0
9041,16,9
9042,0,28
9043,0,0
9044,0,0
9045,4,0
9046,2,0
9047,5,17
9048,0,0
9049,0,0
9050,0,0
9051,0,0
9052,0,0
9053,24,16
9054,0,5
9055,1,0
9056,0,0
9057,0,0
9058,1,0
9059,0,0
9060,1,0
9061,0,0
9062,11,0
9063,0,0
9064,0,0
9065,0,0
9066,0,0
9067,0,0
9068,0,0
9069,0,0
9070,0,0
9071,0,0
9072,0,0
9073,0,0
9074,0,0
9075,0,0
9076,0,0
9077,11,0
9078,0,0
9079,0,0
9080,0,0
9081,0,0
9082,0,7
9083,0,0
9084,0,0
9085,10,0
9086,0,0
9087,1,0
9088,0,0
9089,0,1
9090,0,0
9091,8,0
9092,0,0
9093,0,0
9094,0,0
9095,5,0
9096,8,0
9097,0,0
9098,0,0
9099,0,0
9100,5,0
9101,0,0
9102,0,0
9103,1,0
9104,0,0
9105,0,0
9106,0,0
9107,0,0
9108,3,0
9109,0,0
9110,0,0
9111,0,0
9112,8,0
9113,1,0
9114,0,0
9115,1,16
9116,0,0
9117,0,1
9118,0,0
9119,0,0
9120,0,0
9121,3,12
9122,0,0
9123,0,0
9124,0,0
9125,0,0
9126,0,0
9127,6,0
9128,0,0
9129,0,0
9130,0,0
9131,0,5
9132,0,0
9133,0,0
9134,0,25
9135,0,0
9136,0,5
9137,0,0
9138,3,0
9139,3,14
9140,0,0
9141,1,2
9142,20,0
9143,0,0
9144,5,0
9145,2,0
9146,1,1
9147,0,12
9148,0,0
9149,2,0
9150,0,0
9151,1,0
9152,1,44
9153,0,0
9154,0,0
9155,0,18
9156,0,0
9157,0,27
9158,7,0
9159,1,0
9160,0,0
9161,0,0
9162,0,26
9163,0,0
9164,0,0
9165,1,1
9166,0,0
9167,0,0
9168,0,0
9169,0,0
9170,0,0
9171,0,0
9172,1,1
9173,1,0
9174,0,0
9175,0,0
9176,0,0
9177,1,0
9178,0,0
9179,0,15
9180,0,5
9181,1,0
9182,4,0
9183,0,2
9184,0,0
9185,0,0
9186,0,2
9187,1,0
9188,0,0
9189,0,0
9190,3,9
9191,0,0
9192,0,0
9193,1,37
9194,0,0
9195,2,0
9196,0,0
9197,0,0
9198,0,0
9199,0,0
9200,0,0
9201,2,0
9202,0,7
9203,0,0
9204,0,0
9205,2,0
9206,0,0
9207,0,0
9208,0,1
9209,0,0
9210,0,0
9211,0,0
9212,1,0
9213,0,0
9214,0,0
9215,0,0
9216,0,0
9217,1,0
9218,0,0
9219,0,0
9220,0,0
9221,0,4
9222,0,0
9223,0,0
9224,0,0
9225,0,0
9226,0,0
9227,0,0
9228,0,0
9229,5,0
9230,0,0
9231,0,9
9232,10,0
9233,2,3
9234,0,0
9235,0,0
9236,0,0
9237,0,0
9238,0,0
9239,0,0
9240,0,0
9241,0,0
9242,3,0
9243,0,0
9244,0,0
9245,0,0
9246,0,0
9247,0,0
9248,8,7
9249,0,0
9250,0,0
9251,0,0
9252,0,0
9253,0,11
9254,2,0
9255,0,0
9256,0,6
9257,5,0
9258,0,6
9259,1,0
9260,0,0
9261,0,0
9262,0,0
9263,5,0
9264,0,0
9265,0,0
9266,0,0
9267,0,0
9268,0,0
9269,6,0
9270,0,0
9271,0,19
9272,4,0
9273,7,0
9274,0,0
9275,0,0
9276,0,0
9277,0,0
9278,0,0
9279,0,0
9280,0,0
9281,0,0
9282,8,0
9283,0,0
9284,0,0
9285,0,0
9286,0,0
9287,0,0
9288,0,0
9289,0,0
9290,0,0
9291,0,0
9292,0,0
9293,0,2
9294,0,0
9295,0,0
9296,0,0
9297,0,0
9298,0,0
9299,0,0
9300,0,0
9301,0,0
9302,2,0
9303,0,0
9304,0,0
9305,0,0
9306,0,0
9307,0,0
9308,0,0
9309,0,0
9310,0,0
9311,0,0
9312,7,0
9313,1,0
9314,0,0
9315,0,0
9316,0,4
9317,0,18
9318,0,0
9319,0,0
9320,12,11
9321,13,35
9322,54,13
9323,1,27
9324,2,9
9325,0,0
9326,9,51
9327,0,0
9328,23,0
9329,16,9
9330,0,0
9331,0,0
9332,1,1
9333,19,0
9334,1,0
9335,1,3
9336,15,15
9337,17,18
9338,9,0
9339,0,4
9340,0,0
9341,0,0
9342,0,41
9343,0,0
9344,0,0
9345,2,0
9346,0,37
9347,0,12
9348,18,47
9349,2,22
9350,0,0
9351,0,31
9352,0,0
9353,7,0
9354,0,1
9355,0,0
9356,11,0
9357,8,0
9358,13,22
9359,0,2
9360,36,15
9361,20,3
9362,25,55
9363,34,5
9364,46,77
9365,12,46
9366,13,0
9367,10,0
9368,25,21
9369,24,15
9370,15,9
9371,9,52
9372,32,13
9373,19,14
9374,1,25
9375,0,39
9376,14,4
9377,26,0
9378,39,48
9379,19,42
9380,2,13
9381,0,0
9382,26,2
9383,1,0
9384,3,3
9385,11,2
9386,0,20
9387,0,0
9388,0,23
9389,0,27
9390,3,0
9391,0,0
9392,0,14
9393,0,0
9394,6,24
9395,0,0
9396,0,5
9397,0,0
9398,13,0
9399,15,11
9400,1,73
9401,0,7
9402,22,17
9403,1,11
9404,27,9
9405,2,29
9406,20,0
9407,0,3
9408,2,0
9409,0,0
9410,5,0
9411,10,0
9412,0,3
9413,1,0
9414,1,1
9415,9,8
9416,3,0
9417,1,8
9418,11,37
9419,19,0
9420,37,22
9421,13,6
9422,62,5
9423,25,44
9424,23,4
9425,19,49
9426,13,7
9427,0,0
9428,20,52
9429,1,0
9430,12,34
9431,34,1
9432,10,0
9433,0,0
9434,15,10
9435,31,23
9436,23,0
9437,8,23
9438,16,7
9439,47,18
9440,27,0
9441,0,0
9442,0,32
9443,7,7
9444,0,0
9445,0,0
9446,0,12
9447,17,26
9448,0,7
9449,0,43
9450,0,0
9451,3,5
9452,0,0
9453,11,0
9454,0,0
9455,22,1
9456,18,32
9457,15,0
9458,3,0
9459,0,0
9460,1,0
9461,27,5
9462,25,18
9463,1,6
9464,0,0
9465,6,0
9466,4,31
9467,15,12
9468,49,16
9469,10,0
9470,2,26
9471,0,0
9472,0,3
9473,8,1
9474,8,8
9475,5,0
9476,14,0
9477,15,62
9478,10,22
9479,16,0
9480,0,0
9481,0,7
9482,15,7
9483,1,27
9484,1,8
9485,6,0
9486,0,0
9487,9,14
9488,0,0
9489,0,0
9490,0,13
9491,0,0
9492,8,0
9493,0,0
9494,0,0
9495,1,6
9496,0,0
9497,6,7
9498,0,0
9499,1,0
9500,7,28
9501,0,34
9502,12,3
9503,35,37
9504,0,7
9505,5,3
9506,0,0
9507,6,0
9508,0,19
9509,3,2
9510,0,0
9511,0,0
9512,13,3
9513,9,26
9514,1,0
9515,2,0
9516,0,15
9517,2,8
9518,0,0
9519,2,0
9520,27,9
9521,27,3
9522,5,0
9523,0,1
9524,14,29
9525,0,0
9526,1,1
9527,11,0
9528,1,0
9529,20,1
9530,0,0
9531,20,17
9532,6,0
9533,5,0
9534,0,0
9535,0,0
9536,19,1
9537,33,0
9538,4,42
9539,2,0
9540,9,18
9541,7,10
9542,9,19
9543,12,0
9544,8,0
9545,1,8
9546,0,0
9547,1,1
9548,0,0
9549,17,20
9550,0,0
9551,0,0
9552,0,0
9553,2,0
9554,16,9
9555,14,5
9556,23,10
9557,4,0
9558,7,11
9559,12,2
9560,0,0
9561,17,1
9562,8,15
9563,2,1
9564,14,12
9565,5,0
9566,0,0
9567,10,32
9568,0,2
9569,0,32
9570,2,0
9571,1,0
9572,11,0
9573,0,0
9574,0,12
9575,0,0
9576,0,0
9577,6,0
9578,2,0
9579,5,0
9580,2,0
9581,0,28
9582,0,4
9583,0,0
9584,1,0
9585,0,0
9586,10,4
9587,13,20
9588,3,0
9589,7,14
9590,0,0
9591,0,4
9592,2,2
9593,2,24
9594,0,0
9595,0,0
9596,0,0
9597,2,0
9598,26,11
9599,0,0
9600,0,0
9601,0,0
9602,0,0
9603,0,0
9604,0,2
9605,0,0
9606,0,0
9607,0,0
9608,0,0
9609,0,0
9610,0,0
9611,0,0
9612,0,17
9613,0,0
9614,2,9
9615,0,0
9616,0,10
9617,0,0
9618,0,0
9619,0,0
9620,0,0
9621,0,0
9622,0,0
9623,0,0
9624,0,0
9625,0,0
9626,0,0
9627,0,0
9628,0,0
9629,0,0
9630,0,0
9631,0,0
9632,0,0
9633,0,0
9634,0,0
9635,0,0
9636,0,0
9637,0,0
9638,0,0
9639,0,0
9640,3,0
9641,4,1
9642,5,2
9643,4,0
9644,9,12
9645,3,41
9646,0,0
9647,0,0
9648,0,13
9649,8,0
9650,0,0
9651,0,0
9652,0,0
9653,1,0
9654,0,0
9655,6,0
9656,0,11
9657,0,0
9658,0,0
9659,0,0
9660,4,0
9661,19,0
9662,0,45
9663,0,0
9664,0,0
9665,2,0
9666,3,19
9667,0,3
9668,6,0
9669,0,0
9670,0,0
9671,0,0
9672,0,26
9673,10,0
9674,0,0
9675,0,0
9676,18,0
9677,0,0
9678,0,0
9679,0,0
9680,17,9
9681,2,0
9682,2,14
9683,14,0
9684,7,0
9685,45,0
9686,11,17
9687,0,0
9688,0,6
9689,32,15
9690,0,0
9691,0,0
9692,0,14
9693,0,0
9694,5,0
9695,30,31
9696,0,0
9697,9,0
9698,2,0
9699,0,0
9700,11,5
9701,2,0
9702,12,22
9703,30,29
9704,3,1
9705,10,10
9706,18,10
9707,10,0
9708,43,45
9709,1,17
9710,2,0
9711,9,0
9712,0,1
9713,12,0
9714,1,0
9715,17,48
9716,17,43
9717,0,12
9718,25,20
9719,0,0
9720,0,0
9721,2,0
9722,0,0
9723,0,0
9724,0,0
9725,0,0
9726,7,0
9727,0,0
9728,0,0
9729,0,0
9730,0,0
9731,0,0
9732,0,0
9733,0,0
9734,0,0
9735,0,0
9736,0,0
9737,0,0
9738,0,0
9739,0,0
9740,41,0
9741,1,0
9742,12,7
9743,0,0
9744,1,25
9745,5,2
9746,26,8
9747,7,6
9748,0,0
9749,8,0
9750,0,1
9751,0,0
9752,0,0
9753,35,3
9754,0,0
9755,0,0
9756,12,0
9757,9,0
9758,0,11
9759,0,0
9760,14,21
9761,0,42
9762,0,14
9763,5,0
9764,0,22
9765,45,40
9766,26,11
9767,19,3
9768,0,0
9769,4,0
9770,20,3
9771,0,0
9772,55,0
9773,0,6
9774,8,28
9775,2,0
9776,0,0
9777,26,0
9778,0,10
9779,2,0
9780,31,8
9781,0,0
9782,25,50
9783,16,3
9784,13,61
9785,21,0
9786,11,0
9787,23,1
9788,4,4
9789,2,35
9790,19,40
9791,1,0
9792,31,34
9793,0,0
9794,14,13
9795,12,3
9796,0,0
9797,39,14
9798,0,0
9799,0,0
9800,0,8
9801,10,3
9802,0,0
9803,0,0
9804,2,0
9805,1,0
9806,21,51
9807,0,0
9808,3,0
9809,0,0
9810,0,2
9811,0,40
9812,0,4
9813,45,12
9814,0,0
9815,0,0
9816,0,0
9817,0,6
9818,0,0
9819,0,0
9820,3,12
9821,1,9
9822,0,7
9823,0,5
9824,38,0
9825,4,3
9826,15,44
9827,29,28
9828,1,30
9829,1,5
9830,3,1
9831,0,0
9832,5,24
9833,0,0
9834,0,3
9835,0,0
9836,0,0
9837,15,0
9838,0,1
9839,0,0
9840,0,0
9841,0,0
9842,19,37
9843,0,0
9844,9,0
9845,0,17
9846,7,7
9847,0,5
9848,30,25
9849,26,32
9850,21,1
9851,42,34
9852,11,1
9853,0,2
9854,18,15
9855,0,0
9856,20,0
9857,13,21
9858,8,20
9859,1,0
9860,6,10
9861,12,0
9862,0,0
9863,8,0
9864,0,15
9865,0,0
9866,0,0
9867,10,8
9868,0,16
9869,0,0
9870,0,0
9871,0,0
9872,0,0
9873,0,5
9874,3,0
9875,1,0
9876,0,0
9877,0,6
9878,8,1
9879,0,0
9880,0,0
9881,0,1
9882,0,0
9883,16,0
9884,3,0
9885,14,11
9886,0,0
9887,0,1
9888,7,0
9889,0,7
9890,9,9
9891,0,3
9892,0,0
9893,11,1
9894,3,0
9895,0,0
9896,0,0
9897,0,0
9898,7,0
9899,0,0
9900,8,0
9901,0,13
9902,0,0
9903,0,0
9904,0,0
9905,0,0
9906,0,0
9907,0,0
9908,0,15
9909,0,0
9910,0,0
9911,0,0
9912,0,0
9913,11,0
9914,11,0
9915,0,0
9916,2,0
9917,0,0
9918,0,0
9919,0,0
9920,15,6
9921,17,0
9922,11,0
9923,1,23
9924,19,22
9925,0,0
9926,12,0
9927,0,2
9928,6,0
9929,0,0
9930,0,16
9931,0,0
9932,8,14
9933,40,0
9934,3,5
9935,12,10
9936,0,6
9937,0,0
9938,0,0
9939,0,0
9940,0,5
9941,0,0
9942,0,0
9943,5,0
9944,0,0
9945,13,1
9946,0,0
9947,6,0
9948,7,0
9949,0,0
9950,0,0
9951,0,0
9952,0,0
9953,14,0
9954,0,0
9955,0,0
9956,3,14
9957,0,0
9958,0,0
9959,0,0
9960,19,0
9961,0,27
9962,0,0
9963,0,0
9964,0,0
9965,0,0
9966,0,0
9967,24,0
9968,0,0
9969,0,0
9970,0,0
9971,0,0
9972,0,0
9973,0,0
9974,0,0
9975,0,0
9976,0,0
9977,0,1
9978,0,0
9979,0,0
9980,0,0
9981,0,32
9982,0,0
9983,0,0
9984,4,0
9985,0,0
9986,0,0
9987,0,0
9988,0,0
9989,0,0
9990,13,0
9991,0,0
9992,0,0
9993,0,0
9994,0,0
9995,1,0
9996,0,0
9997,1,14
9998,0,0
9999,0,50
10000,0,0
10001,0,9
10002,17,1
10003,1,2
10004,2,4
10005,0,2
10006,0,0
10007,6,1
10008,0,15
10009,8,0
10010,0,0
10011,0,0
10012,0,0
10013,4,8
10014,0,0
10015,0,0
10016,0,0
10017,0,0
10018,2,0
10019,0,7
10020,26,0
10021,0,0
10022,4,0
10023,0,0
10024,0,0
10025,0,0
10026,0,0
10027,0,0
10028,0,0
10029,0,0
10030,0,0
10031,0,0
10032,0,0
10033,0,0
10034,0,0
10035,0,0
10036,0,0
10037,0,0
10038,0,5
10039,0,0
10040,0,0
10041,0,0
10042,0,0
10043,0,0
10044,0,0
10045,0,0
10046,0,0
10047,0,0
10048,0,0
10049,0,0
10050,3,0
10051,0,0
10052,0,0
10053,0,0
10054,0,0
10055,0,0
10056,0,0
10057,0,0
10058,0,0
10059,0,0
10060,0,0
10061,0,0
10062,5,0
10063,0,0
10064,0,0
10065,1,0
10066,0,1
10067,4,0
10068,0,0
10069,0,0
10070,0,0
10071,0,0
10072,1,0
10073,0,0
10074,0,0
10075,0,0
10076,0,0
10077,0,3
10078,0,0
10079,0,0
10080,0,0
10081,0,0
10082,0,0
10083,0,0
10084,0,0
10085,0,0
10086,0,0
10087,0,0
10088,0,0
10089,0,7
10090,0,0
10091,0,0
10092,0,0
10093,0,0
10094,0,0
10095,0,1
10096,0,0
10097,0,0
10098,0,0
10099,0,0
10100,1,0
10101,0,0
10102,0,1
10103,0,0
10104,0,0
10105,0,0
10106,0,0
10107,7,0
10108,0,0
10109,0,0
10110,0,0
10111,0,0
10112,0,0
10113,0,0
10114,3,0
10115,0,0
10116,13,21
10117,12,0
10118,0,0
10119,0,0
10120,0,0
10121,0,0
10122,0,0
10123,0,0
10124,0,0
10125,0,0
10126,0,0
10127,0,0
10128,0,0
10129,0,0
10130,0,0
10131,0,0
10132,0,0
10133,0,0
10134,0,0
10135,0,0
10136,0,0
10137,0,1
10138,0,0
10139,0,0
10140,0,0
10141,0,10
10142,0,0
10143,0,0
10144,13,37
10145,0,0
10146,0,8
10147,0,0
10148,18,0
10149,0,0
10150,0,0
10151,0,0
10152,0,0
10153,0,0
10154,2,0
10155,0,0
10156,0,0
10157,0,0
10158,0,0
10159,1,0
10160,0,0
10161,0,0
10162,0,3
10163,0,0
10164,0,0
10165,0,0
10166,0,0
10167,0,0
10168,9,0
10169,0,0
10170,0,0
10171,0,0
10172,0,0
10173,0,0
10174,0,0
10175,0,0
10176,14,0
10177,0,0
10178,0,0
10179,0,0
10180,0,1
10181,0,3
10182,0,0
10183,0,0
10184,0,0
10185,0,0
10186,0,0
10187,0,0
10188,0,7
10189,0,0
10190,0,0
10191,0,0
10192,0,0
10193,0,0
10194,0,0
10195,0,0
10196,0,0
10197,7,0
10198,0,0
10199,0,0
10200,0,0
10201,9,0
10202,3,0
10203,0,0
10204,0,0
10205,0,0
10206,0,0
10207,0,0
10208,0,0
10209,0,0
10210,0,0
10211,0,0
10212,0,0
10213,0,0
10214,0,0
10215,0,0
10216,0,0
10217,0,0
10218,0,0
10219,0,5
10220,0,0
10221,10,2
10222,6,1
10223,0,0
10224,0,0
10225,0,0
10226,0,0
10227,2,5
10228,0,0
10229,0,0
10230,0,0
10231,0,0
10232,0,0
10233,0,0
10234,0,0
10235,0,0
10236,0,0
10237,12,8
10238,3,0
10239,17,0
10240,0,0
10241,2,0
10242,0,0
10243,0,0
10244,0,0
10245,0,8
10246,0,1
10247,11,0
10248,7,32
10249,0,0
10250,0,0
10251,4,0
10252,0,0
10253,0,0
10254,0,0
10255,0,0
10256,1,0
10257,2,20
10258,0,9
10259,18,0
10260,0,0
10261,0,0
10262,0,1
10263,0,0
10264,0,0
10265,0,0
10266,0,0
10267,0,10
10268,0,0
10269,0,0
10270,0,0
10271,0,0
10272,0,0
10273,0,0
10274,0,0
10275,0,0
10276,0,7
10277,21,0
10278,0,0
10279,7,9
10280,9,0
10281,11,0
10282,21,19
10283,10,0
10284,7,0
10285,11,11
10286,0,14
10287,20,0
10288,2,35
10289,13,31
10290,0,0
10291,9,11
10292,0,0
10293,0,0
10294,0,12
10295,0,0
10296,0,0
10297,11,7
10298,7,12
10299,6,36
10300,0,0
10301,2,0
10302,0,0
10303,0,0
10304,0,0
10305,0,0
10306,0,0
10307,0,0
10308,0,0
10309,0,0
10310,0,0
10311,0,5
10312,0,0
10313,0,0
10314,0,0
10315,0,0
10316,0,0
10317,0,0
10318,0,0
10319,0,0
10320,0,0
10321,0,6
10322,6,0
10323,0,0
10324,0,0
10325,0,0
10326,19,19
10327,0,6
10328,0,0
10329,0,3
10330,0,0
10331,7,0
10332,0,0
10333,0,0
10334,0,0
10335,0,0
10336,0,0
10337,0,13
10338,0,0
10339,0,0
10340,0,0
10341,0,0
10342,0,0
10343,0,0
10344,0,0
10345,0,0
10346,0,0
10347,0,0
10348,0,0
10349,11,0
10350,0,0
10351,0,0
10352,0,0
10353,0,0
10354,0,0
10355,0,0
10356,0,0
10357,0,0
10358,0,0
10359,0,0
10360,0,0
10361,0,0
10362,0,13
10363,1,0
10364,0,0
10365,0,0
10366,0,0
10367,0,0
10368,0,0
10369,0,0
10370,0,0
10371,0,17
10372,0,0
10373,0,0
10374,0,0
10375,0,0
10376,0,0
10377,0,15
10378,10,3
10379,0,0
10380,0,0
10381,0,0
10382,0,0
10383,0,0
10384,0,15
10385,0,0
10386,0,0
10387,9,0
10388,11,0
10389,0,0
10390,0,0
10391,9,0
10392,10,0
10393,0,0
10394,0,0
10395,0,0
10396,0,0
10397,1,0
10398,0,0
10399,0,0
10400,0,10
10401,0,0
10402,2,0
10403,0,0
10404,0,0
10405,0,0
10406,0,0
10407,8,0
10408,0,21
10409,0,0
10410,3,0
10411,0,0
10412,14,0
10413,0,0
10414,0,0
10415,0,0
10416,0,0
10417,1,0
10418,0,0
10419,0,0
10420,3,0
10421,0,0
10422,10,0
10423,0,0
10424,1,3
10425,5,10
10426,29,0
10427,0,0
10428,6,0
10429,8,0
10430,3,5
10431,0,0
10432,0,21
10433,0,0
10434,1,0
10435,0,0
10436,5,0
10437,7,5
10438,0,0
10439,1,9
10440,0,0
10441,0,5
10442,0,0
10443,3,0
10444,0,0
10445,4,0
10446,0,0
10447,0,0
10448,0,0
10449,0,0
10450,0,0
10451,6,0
10452,0,0
10453,0,0
10454,0,0
10455,0,0
10456,0,0
10457,0,0
10458,0,0
10459,0,0
10460,15,0
10461,0,0
10462,0,12
10463,0,0
10464,0,1
10465,0,0
10466,4,0
10467,1,0
10468,1,0
10469,0,9
10470,0,0
10471,0,4
10472,0,0
10473,2,0
10474,5,0
10475,8,0
10476,0,0
10477,0,7
10478,0,0
10479,0,5
10480,14,15
10481,2,0
10482,5,3
10483,17,0
10484,15,24
10485,5,0
10486,0,21
10487,0,3
10488,3,6
10489,0,0
10490,7,1
10491,1,0
10492,0,2
10493,21,0
10494,1,0
10495,13,14
10496,0,0
10497,0,1
10498,3,23
10499,0,8
10500,4,20
10501,9,25
10502,4,24
10503,22,12
10504,7,6
10505,1,16
10506,24,0
10507,29,20
10508,0,0
10509,1,0
10510,8,0
10511,8,8
10512,0,21
10513,19,9
10514,0,102
10515,0,11
10516,0,0
10517,7,0
10518,0,0
10519,3,10
10520,35,20
10521,18,12
10522,14,20
10523,43,2
10524,20,3
10525,14,3
10526,59,6
10527,16,18
10528,17,7
10529,44,27
10530,0,0
10531,0,34
10532,1,48
10533,0,18
10534,13,11
10535,16,15
10536,6,8
10537,43,28
10538,3,6
10539,24,37
10540,7,24
10541,21,32
10542,34,23
10543,23,47
10544,55,46
10545,14,12
10546,7,23
10547,32,18
10548,16,2
10549,29,8
10550,76,39
10551,2,2
10552,8,14
10553,10,8
10554,4,16
10555,1,0
10556,0,0
10557,0,3
10558,17,50
10559,12,3
10560,38,22
10561,6,21
10562,47,9
10563,27,41
10564,59,52
10565,32,19
10566,33,21
10567,25,35
10568,8,9
10569,53,10
10570,8,26
10571,26,0
10572,18,52
10573,13,25
10574,44,11
10575,13,7
10576,27,46
10577,21,10
10578,21,14
10579,1,15
10580,0,3
10581,0,4
10582,3,12
10583,1,0
10584,0,12
10585,3,10
10586,9,34
10587,2,3
10588,0,0
10589,28,4
10590,5,0
10591,0,0
10592,4,12
10593,0,0
10594,0,14
10595,0,0
10596,4,2
10597,12,0
10598,5,29
10599,12,4
10600,0,3
10601,6,0
10602,3,29
10603,22,0
10604,0,5
10605,0,0
10606,1,42
10607,6,0
10608,0,0
10609,0,1
10610,0,0
10611,0,1
10612,0,0
10613,3,0
10614,0,0
10615,1,0
10616,0,0
10617,0,3
10618,0,0
10619,0,0
10620,29,0
10621,11,3
10622,15,21
10623,0,19
10624,2,43
10625,4,1
10626,21,0
10627,1,0
10628,19,0
10629,14,15
10630,17,3
10631,18,40
10632,0,8
10633,8,29
10634,1,11
10635,6,16
10636,2,9
10637,10,25
10638,0,75
10639,32,33
10640,15,0
10641,13,6
10642,10,6
10643,0,0
10644,0,11
10645,1,21
10646,3,0
10647,0,0
10648,1,1
10649,31,16
10650,4,0
10651,18,0
10652,0,4
10653,8,8
10654,0,26
10655,6,1
10656,0,17
10657,1,4
10658,24,0
10659,2,44
10660,9,0
10661,13,0
10662,30,9
10663,26,43
10664,19,10
10665,0,0
10666,37,24
10667,4,3
10668,18,22
10669,9,1
10670,13,26
10671,18,0
10672,10,16
10673,17,1
10674,6,0
10675,0,0
10676,12,8
10677,26,9
10678,14,0
10679,44,23
10680,25,0
10681,34,61
10682,9,4
10683,21,26
10684,12,41
10685,11,8
10686,22,0
10687,15,0
10688,3,0
10689,5,3
10690,21,19
10691,0,0
10692,0,19
10693,19,2
10694,11,19
10695,29,44
10696,0,7
10697,23,3
10698,2,6
10699,0,0
10700,56,26
10701,7,25
10702,41,81
10703,0,0
10704,25,2
10705,17,13
10706,16,0
10707,0,0
10708,0,0
10709,8,0
10710,13,5
10711,12,0
10712,0,10
10713,43,24
10714,4,51
10715,22,10
10716,9,0
10717,0,0
10718,9,1
10719,0,16
10720,0,0
10721,0,0
10722,0,0
10723,3,0
10724,8,6
10725,0,0
10726,0,1
10727,4,11
10728,7,4
10729,0,0
10730,0,0
10731,3,0
10732,46,0
10733,0,0
10734,1,0
10735,0,0
10736,0,0
10737,0,4
10738,7,2
10739,23,0
10740,0,0
10741,0,0
10742,0,0
10743,0,0
10744,0,5
10745,0,0
10746,0,0
10747,0,0
10748,0,0
10749,0,0
10750,0,0
10751,0,0
10752,0,13
10753,0,0
10754,0,0
10755,0,0
10756,0,0
10757,1,0
10758,0,0
10759,1,0
10760,16,17
10761,25,3
10762,17,0
10763,15,40
10764,14,1
10765,21,14
10766,0,0
10767,1,0
10768,1,0
10769,5,21
10770,8,21
10771,1,1
10772,9,17
10773,11,0
10774,0,15
10775,0,0
10776,3,2
10777,8,2
10778,2,0
10779,0,0
10780,63,11
10781,14,29
10782,2,25
10783,8,0
10784,0,0
10785,0,0
10786,1,0
10787,13,68
10788,0,7
10789,4,5
10790,0,1
10791,4,0
10792,24,1
10793,0,0
10794,18,0
10795,0,0
10796,15,2
10797,19,0
10798,0,0
10799,2,0
10800,8,12
10801,3,5
10802,25,1
10803,13,0
10804,7,5
10805,6,0
10806,27,7
10807,40,1
10808,9,7
10809,9,1
10810,19,22
10811,10,7
10812,27,22
10813,14,4
10814,21,44
10815,45,22
10816,0,0
10817,10,47
10818,1,4
10819,21,51
10820,0,12
10821,16,34
10822,0,2
10823,3,2
10824,6,1
10825,7,12
10826,6,19
10827,27,0
10828,39,82
10829,2,3
10830,12,14
10831,8,13
10832,18,18
10833,24,17
10834,19,6
10835,26,42
10836,6,11
10837,0,0
10838,22,24
10839,12,0
10840,0,5
10841,13,13
10842,0,11
10843,2,4
10844,0,0
10845,9,14
10846,13,0
10847,0,0
10848,9,15
10849,9,33
10850,0,35
10851,17,19
10852,0,25
10853,0,12
10854,0,27
10855,23,21
10856,2,0
10857,2,0
10858,16,6
10859,5,5
10860,27,9
10861,5,6
10862,12,0
10863,32,25
10864,2,40
10865,7,1
10866,19,0
10867,2,6
10868,6,26
10869,9,5
10870,6,11
10871,0,3
10872,11,4
10873,10,0
10874,3,3
10875,12,11
10876,7,0
10877,3,0
10878,1,0
10879,4,11
10880,39,6
10881,1,18
10882,0,0
10883,4,0
10884,12,0
10885,46,36
10886,6,0
10887,19,14
10888,1,2
10889,6,5
10890,8,4
10891,7,13
10892,0,0
10893,0,7
10894,8,3
10895,0,40
10896,3,11
10897,3,5
10898,1,13
10899,6,0
10900,1,7
10901,14,12
10902,1,0
10903,4,0
10904,1,1
10905,6,12
10906,13,0
10907,0,13
10908,12,4
10909,6,25
10910,5,0
10911,0,40
10912,14,15
10913,53,26
10914,0,0
10915,4,16
10916,0,8
10917,18,52
10918,6,21
10919,8,10
10920,3,7
10921,8,16
10922,6,2
10923,28,6
10924,15,0
10925,9,17
10926,43,2
10927,13,0
10928,6,0
10929,1,3
10930,0,7
10931,17,27
10932,0,0
10933,0,20
10934,0,0
10935,7,21
10936,6,11
10937,0,33
10938,0,0
10939,5,3
10940,0,9
10941,0,0
10942,15,23
10943,2,13
10944,6,11
10945,0,12
10946,3,5
10947,0,4
10948,0,2
10949,6,23
10950,0,0
10951,2,0
10952,0,11
10953,28,1
10954,0,0
10955,0,23
10956,0,0
10957,9,0
10958,3,0
10959,0,0
10960,20,1
10961,19,13
10962,0,0
10963,0,0
10964,6,0
10965,6,1
10966,14,0
10967,8,0
10968,9,0
10969,0,0
10970,28,11
10971,13,0
10972,11,22
10973,1,0
10974,5,0
10975,1,0
10976,6,34
10977,0,6
10978,0,0
10979,1,0
10980,20,17
10981,18,8
10982,8,34
10983,40,25
10984,1,4
10985,14,7
10986,24,0
10987,22,26
10988,5,7
10989,0,0
10990,8,3
10991,11,0
10992,7,3
10993,0,0
10994,7,1
10995,14,7
10996,3,5
10997,18,2
10998,5,0
10999,0,9
11000,0,0
11001,0,0
11002,0,0
11003,8,0
11004,0,0
11005,8,1
11006,0,0
11007,0,0
11008,0,22
11009,7,0
11010,6,2
11011,0,2
11012,0,0
11013,0,0
11014,0,0
11015,9,24
11016,0,13
11017,11,0
11018,0,5
11019,0,0
11020,12,0
11021,0,0
11022,0,0
11023,0,0
11024,0,0
11025,0,0
11026,0,1
11027,0,0
11028,1,0
11029,6,0
11030,0,0
11031,2,3
11032,0,0
11033,0,0
11034,0,0
11035,0,0
11036,0,0
11037,0,0
11038,3,0
11039,0,0
11040,0,0
11041,0,0
11042,0,0
11043,0,0
11044,0,0
11045,0,0
11046,0,0
11047,0,0
11048,0,0
11049,0,0
11050,0,0
11051,0,0
11052,0,0
11053,0,0
11054,0,0
11055,0,0
11056,0,0
11057,0,0
11058,0,0
11059,0,0
11060,14,0
11061,9,0
11062,11,3
11063,1,0
11064,0,0
11065,0,1
11066,0,0
11067,0,1
11068,0,0
11069,9,0
11070,1,0
11071,6,1
11072,0,0
11073,2,3
11074,0,0
11075,0,0
11076,2,0
11077,0,0
11078,0,0
11079,0,0
11080,4,0
11081,0,0
11082,0,0
11083,0,0
11084,0,4
11085,0,0
11086,0,0
11087,0,0
11088,0,0
11089,0,0
11090,0,0
11091,0,0
11092,0,0
11093,0,0
11094,0,9
11095,0,0
11096,0,0
11097,0,0
11098,0,0
11099,0,0
11100,0,0
11101,11,0
11102,2,0
11103,0,0
11104,15,29
11105,0,0
11106,1,1
11107,0,0
11108,1,0
11109,0,0
11110,0,0
11111,0,0
11112,0,1
11113,0,0
11114,0,0
11115,4,0
11116,0,0
11117,4,0
11118,0,2
11119,0,0
11120,62,21
11121,0,0
11122,3,70
11123,23,0
11124,1,0
11125,23,22
11126,0,0
11127,4,0
11128,0,1
11129,13,14
11130,7,24
11131,0,34
11132,0,0
11133,9,3
11134,23,0
11135,5,22
11136,0,1
11137,6,0
11138,1,0
11139,2,12
11140,22,67
11141,8,32
11142,40,74
11143,13,4
11144,12,3
11145,71,19
11146,5,20
11147,1,5
11148,7,0
11149,18,50
11150,5,54
11151,38,70
11152,13,2
11153,1,60
11154,35,8
11155,2,45
11156,10,55
11157,21,24
11158,0,37
11159,15,8
11160,48,100
11161,20,73
11162,31,13
11163,7,4
11164,1,7
11165,26,46
11166,33,9
11167,42,67
11168,35,1
11169,0,86
11170,0,16
11171,46,27
11172,79,2
11173,1,28
11174,18,2
11175,60,119
11176,1,37
11177,21,32
11178,43,79
11179,61,51
11180,0,0
11181,5,3
11182,4,3
11183,13,0
11184,12,33
11185,15,0
11186,0,0
11187,0,11
11188,15,0
11189,0,0
11190,0,0
11191,16,2
11192,4,0
11193,0,0
11194,0,0
11195,9,0
11196,0,0
11197,3,0
11198,8,16
11199,0,0
11200,5,0
11201,0,0
11202,0,0
11203,0,0
11204,0,0
11205,0,0
11206,0,0
11207,0,10
11208,0,0
11209,0,0
11210,0,0
11211,0,0
11212,0,2
11213,0,0
11214,0,0
11215,0,0
11216,0,0
11217,0,0
11218,1,0
11219,0,0
11220,0,48
11221,5,0
11222,18,0
11223,8,0
11224,3,0
11225,1,64
11226,1,0
11227,12,7
11228,0,1
11229,0,0
11230,0,0
11231,0,7
11232,2,0
11233,9,0
11234,8,22
11235,5,0
11236,0,0
11237,21,33
11238,15,45
11239,0,29
11240,12,0
11241,3,15
11242,14,0
11243,11,0
11244,0,0
11245,8,33
11246,16,0
11247,0,0
11248,8,0
11249,0,0
11250,0,0
11251,18,39
11252,0,1
11253,0,0
11254,0,13
11255,8,0
11256,4,0
11257,31,0
11258,0,0
11259,9,32
11260,0,0
11261,0,0
11262,0,0
11263,1,0
11264,6,0
11265,0,11
11266,0,0
11267,1,1
11268,0,0
11269,7,0
11270,0,0
11271,0,0
11272,1,0
11273,0,0
11274,0,0
11275,0,0
11276,0,0
11277,0,0
11278,0,0
11279,0,0
11280,0,0
11281,0,0
11282,0,0
11283,0,0
11284,0,0
11285,0,0
11286,0,0
11287,0,0
11288,0,0
11289,0,0
11290,0,0
11291,0,0
11292,0,0
11293,0,0
11294,0,0
11295,0,0
11296,0,0
11297,0,0
11298,0,0
11299,0,0
11300,0,0
11301,0,0
11302,0,0
11303,1,0
11304,0,0
11305,0,0
11306,0,0
11307,0,0
11308,0,0
11309,0,0
11310,0,0
11311,0,0
11312,0,0
11313,0,0
11314,0,0
11315,0,0
11316,0,9
11317,0,0
11318,8,0
11319,0,0
11320,16,0
11321,0,0
11322,1,0
11323,17,0
11324,0,0
11325,0,0
11326,0,0
11327,3,1
11328,0,0
11329,0,0
11330,0,0
11331,2,0
11332,6,0
11333,0,0
11334,0,26
11335,13,4
11336,1,0
11337,0,0
11338,0,18
11339,0,0
11340,0,5
11341,0,0
11342,0,0
11343,8,0
11344,0,0
11345,0,0
11346,0,0
11347,0,1
11348,0,0
11349,14,8
11350,0,0
11351,0,0
11352,0,0
11353,0,3
11354,0,0
11355,13,0
11356,0,5
11357,0,0
11358,8,0
11359,1,0
11360,0,0
11361,2,0
11362,0,0
11363,0,0
11364,7,5
11365,5,0
11366,5,2
11367,0,0
11368,3,0
11369,0,0
11370,0,0
11371,0,0
11372,0,0
11373,0,0
11374,0,0
11375,0,0
11376,0,0
11377,0,8
11378,0,0
11379,0,0
11380,7,0
11381,0,0
11382,0,0
11383,0,0
11384,0,10
11385,0,0
11386,0,3
11387,0,0
11388,0,0
11389,0,0
11390,0,0
11391,0,0
11392,0,0
11393,14,0
11394,0,0
11395,0,0
11396,0,0
11397,7,0
11398,0,0
11399,1,2
11400,21,10
11401,11,1
11402,0,0
11403,0,0
11404,0,0
11405,1,0
11406,0,0
11407,0,18
11408,15,9
11409,0,0
11410,19,0
11411,0,0
11412,32,0
11413,0,0
11414,10,0
11415,6,0
11416,0,0
11417,12,19
11418,8,4
11419,0,0
11420,12,0
11421,6,7
11422,1,0
11423,3,0
11424,0,0
11425,21,2
11426,4,0
11427,0,0
11428,0,0
11429,6,0
11430,13,0
11431,0,0
11432,4,0
11433,5,0
11434,0,11
11435,7,0
11436,1,0
11437,2,5
11438,1,0
11439,0,0
11440,0,0
11441,1,4
11442,1,0
11443,0,0
11444,0,4
11445,21,18
11446,3,11
11447,2,0
11448,2,37
11449,8,0
11450,0,0
11451,0,1
11452,6,16
11453,17,0
11454,7,7
11455,0,27
11456,41,14
11457,17,3
11458,0,17
11459,0,13
11460,4,6
11461,2,7
11462,0,0
11463,25,1
11464,38,6
11465,47,9
11466,11,11
11467,1,0
11468,9,0
11469,3,1
11470,9,1
11471,6,10
11472,18,10
11473,40,1
11474,22,31
11475,0,1
11476,0,7
11477,0,0
11478,11,12
11479,6,0
11480,0,24
11481,14,9
11482,11,10
11483,4,3
11484,2,0
11485,10,5
11486,4,6
11487,7,0
11488,4,7
11489,0,0
11490,2,4
11491,0,0
11492,0,21
11493,0,0
11494,7,25
11495,11,3
11496,0,1
11497,1,0
11498,0,0
11499,0,17
11500,0,20
11501,0,0
11502,0,0
11503,9,0
11504,1,0
11505,1,16
11506,19,11
11507,8,0
11508,0,0
11509,3,13
11510,0,0
11511,0,9
11512,0,21
11513,0,7
11514,0,0
11515,14,0
11516,0,14
11517,8,0
11518,15,0
11519,18,0
11520,0,30
11521,0,7
11522,0,0
11523,0,0
11524,0,0
11525,0,0
11526,0,0
11527,1,1
11528,0,0
11529,0,19
11530,1,6
11531,0,0
11532,1,0
11533,17,0
11534,0,0
11535,3,4
11536,0,0
11537,0,0
11538,12,3
11539,3,0
11540,16,49
11541,0,0
11542,0,0
11543,0,0
11544,16,0
11545,7,0
11546,0,11
11547,8,0
11548,1,29
11549,0,23
11550,13,24
11551,0,0
11552,2,16
11553,15,6
11554,0,0
11555,4,7
11556,21,0
11557,0,0
11558,11,0
11559,0,0
11560,0,3
11561,8,13
11562,0,0
11563,16,0
11564,0,0
11565,0,10
11566,0,0
11567,0,0
11568,22,5
11569,1,44
11570,2,0
11571,0,0
11572,1,28
11573,0,0
11574,0,0
11575,13,32
11576,5,25
11577,0,0
11578,2,0
11579,1,27
11580,1,5
11581,1,11
11582,0,0
11583,42,0
11584,35,47
11585,11,7
11586,11,0
11587,3,0
11588,0,0
11589,9,0
11590,9,1
11591,0,0
11592,0,0
11593,23,0
11594,0,0
11595,0,0
11596,17,6
11597,5,0
11598,0,0
11599,0,6
11600,25,32
11601,1,26
11602,16,0
11603,9,4
11604,24,3
11605,10,3
11606,15,13
11607,7,5
11608,22,1
11609,18,53
11610,0,0
11611,35,0
11612,0,0
11613,40,45
11614,4,0
11615,0,8
11616,9,1
11617,14,19
11618,30,5
11619,6,15
11620,6,23
11621,7,25
11622,0,1
11623,10,29
11624,19,32
11625,1,2
11626,17,9
11627,17,2
11628,18,9
11629,35,32
11630,27,0
11631,5,0
11632,0,0
11633,0,28
11634,0,40
11635,14,8
11636,39,0
11637,7,0
11638,29,1
11639,61,5
11640,0,37
11641,18,62
11642,25,58
11643,23,0
11644,4,9
11645,25,14
11646,27,46
11647,20,17
11648,55,59
11649,35,23
11650,1,4
11651,1,11
11652,0,0
11653,23,25
11654,3,40
11655,7,16
11656,6,29
11657,24,7
11658,4,19
11659,43,54
11660,0,0
11661,8,0
11662,0,1
11663,6,10
11664,5,1
11665,3,11
11666,3,7
11667,0,0
11668,0,0
11669,13,0
11670,0,0
11671,10,52
11672,0,21
11673,13,4
11674,0,12
11675,0,12
11676,0,0
11677,0,27
11678,9,7
11679,4,17
11680,40,37
11681,0,0
11682,0,0
11683,0,26
11684,29,32
11685,7,4
11686,8,13
11687,40,22
11688,18,56
11689,0,34
11690,25,6
11691,8,7
11692,18,4
11693,21,54
11694,26,61
11695,26,0
11696,0,0
11697,40,15
11698,34,16
11699,18,26
11700,37,36
11701,15,49
11702,13,53
11703,9,0
11704,16,9
11705,52,2
11706,1,24
11707,10,12
11708,5,17
11709,1,0
11710,1,0
11711,15,17
11712,6,16
11713,8,1
11714,40,0
11715,0,0
11716,0,0
11717,21,12
11718,18,59
11719,15,55
11720,4,0
11721,15,42
11722,15,14
11723,2,18
11724,13,14
11725,5,6
11726,0,0
11727,24,11
11728,59,17
11729,21,21
11730,28,31
11731,7,2
11732,64,32
11733,39,82
11734,29,28
11735,4,0
11736,22,8
11737,33,53
11738,19,9
11739,5,21
11740,51,10
11741,32,36
11742,25,96
11743,20,25
11744,24,11
11745,6,0
11746,45,53
11747,15,9
11748,14,26
11749,50,79
11750,32,9
11751,17,24
11752,37,33
11753,7,0
11754,21,25
11755,18,22
11756,37,23
11757,35,6
11758,40,0
11759,68,50
11760,0,6
11761,9,16
11762,17,3
11763,19,3
11764,0,1
11765,0,11
11766,0,0
11767,0,9
11768,9,0
11769,0,0
11770,0,1
11771,0,0
11772,2,2
11773,14,0
11774,0,0
11775,6,0
11776,1,0
11777,5,31
11778,1,26
11779,2,0
11780,1,0
11781,3,0
11782,12,3
11783,0,0
11784,34,8
11785,0,0
11786,0,0
11787,1,0
11788,3,2
11789,1,0
11790,0,0
11791,0,0
11792,2,0
11793,0,0
11794,0,0
11795,9,4
11796,9,0
11797,0,37
11798,19,3
11799,13,0
11800,16,1
11801,0,10
11802,2,46
11803,13,8
11804,1,30
11805,33,28
11806,0,0
11807,0,35
11808,20,12
11809,6,0
11810,23,19
11811,10,10
11812,0,12
11813,6,88
11814,0,0
11815,18,0
11816,21,0
11817,40,46
11818,28,30
11819,23,4
11820,6,1
11821,10,11
11822,4,34
11823,8,7
11824,0,0
11825,18,19
11826,0,23
11827,46,20
11828,37,3
11829,0,0
11830,0,8
11831,20,0
11832,37,62
11833,1,1
11834,3,0
11835,9,0
11836,5,0
11837,46,3
11838,37,29
11839,8,15
11840,6,3
11841,4,8
11842,23,0
11843,21,0
11844,6,0
11845,2,0
11846,5,1
11847,0,10
11848,0,30
11849,0,3
11850,7,4
11851,22,0
11852,0,0
11853,7,0
11854,5,0
11855,0,4
11856,0,5
11857,29,15
11858,0,0
11859,0,7
11860,25,0
11861,0,0
11862,2,20
11863,3,0
11864,3,0
11865,29,0
11866,0,1
11867,0,0
11868,14,0
11869,0,0
11870,16,0
11871,0,0
11872,9,0
11873,17,5
11874,0,0
11875,1,1
11876,1,0
11877,0,0
11878,9,0
11879,2,0
11880,0,0
11881,12,4
11882,18,97
11883,1,1
11884,16,0
11885,14,2
11886,16,31
11887,43,26
11888,6,4
11889,0,0
11890,11,31
11891,5,0
11892,9,0
11893,6,16
11894,15,1
11895,5,6
11896,4,0
11897,3,18
11898,8,9
11899,2,8
11900,1,9
11901,12,31
11902,24,35
11903,13,25
11904,34,41
11905,6,0
11906,29,1
11907,11,17
11908,31,12
11909,24,15
11910,15,0
11911,14,21
11912,19,0
11913,9,38
11914,20,29
11915,28,0
11916,27,45
11917,15,0
11918,23,27
11919,21,2
11920,13,92
11921,23,3
11922,8,14
11923,11,3
11924,15,20
11925,4,3
11926,13,18
11927,15,0
11928,13,3
11929,13,22
11930,0,0
11931,3,74
11932,8,19
11933,7,15
11934,2,1
11935,16,14
11936,8,29
11937,28,4
11938,4,0
11939,9,2
11940,9,0
11941,20,70
11942,4,9
11943,21,12
11944,55,37
11945,15,121
11946,3,5
11947,21,33
11948,39,21
11949,11,2
11950,13,0
11951,53,23
11952,20,11
11953,3,11
11954,33,0
11955,21,13
11956,6,23
11957,4,29
11958,10,3
11959,0,12
11960,25,51
11961,31,29
11962,56,36
11963,3,0
11964,0,6
11965,29,43
11966,24,32
11967,21,8
11968,6,9
11969,6,0
11970,8,14
11971,27,24
11972,2,27
11973,12,27
11974,11,61
11975,5,26
11976,23,20
11977,6,4
11978,18,6
11979,19,31
11980,30,5
11981,27,3
11982,30,21
11983,2,0
11984,11,32
11985,0,6
11986,2,30
11987,2,7
11988,14,6
11989,0,0
11990,0,0
11991,5,15
11992,4,14
11993,19,4
11994,1,4
11995,31,34
11996,0,0
11997,31,27
11998,5,23
11999,0,33
12000,26,8
12001,9,3
12002,17,20
12003,21,17
12004,15,4
12005,0,0
12006,6,16
12007,6,0
12008,3,26
12009,19,23
12010,2,72
12011,12,0
12012,12,0
12013,12,0
12014,1,3
12015,7,0
12016,46,0
12017,10,4
12018,17,14
12019,2,19
12020,3,1
12021,12,2
12022,2,12
12023,17,3
12024,0,28
12025,7,0
12026,9,1
12027,21,35
12028,0,0
12029,59,36
12030,22,8
12031,14,9
12032,12,38
12033,0,0
12034,21,11
12035,9,12
12036,1,21
12037,13,20
12038,7,40
12039,12,0
12040,12,29
12041,20,9
12042,14,11
12043,9,0
12044,14,11
12045,1,0
12046,10,0
12047,20,15
12048,3,2
12049,0,0
12050,3,65
12051,46,14
12052,25,0
12053,3,33
12054,0,0
12055,12,0
12056,0,2
12057,6,35
12058,5,5
12059,0,0
12060,21,41
12061,31,75
12062,49,21
12063,14,53
12064,10,19
12065,23,16
12066,55,61
12067,65,20
12068,36,97
12069,17,85
12070,37,16
12071,102,37
12072,26,8
12073,34,73
12074,25,16
12075,49,58
12076,27,0
12077,32,43
12078,54,11
12079,22,9
12080,19,7
12081,45,26
12082,30,43
12083,42,31
12084,22,0
12085,12,48
12086,27,0
12087,20,21
12088,31,16
12089,14,35
12090,49,18
12091,17,25
12092,33,0
12093,9,25
12094,15,10
12095,56,29
12096,33,22
12097,15,2
12098,8,19
12099,11,0
12100,19,3
12101,8,14
12102,2,15
12103,23,1
12104,56,1
12105,1,0
12106,10,0
12107,6,0
12108,0,15
12109,21,0
12110,9,6
12111,6,0
12112,13,0
12113,3,14
12114,0,0
12115,24,20
12116,0,3
12117,13,48
12118,17,42
12119,2,6
12120,79,23
12121,40,61
12122,50,62
12123,42,83
12124,40,60
12125,22,108
12126,56,3
12127,38,64
12128,35,30
12129,20,0
12130,48,42
12131,77,35
12132,44,11
12133,54,31
12134,23,68
12135,58,30
12136,41,19
12137,8,13
12138,50,66
12139,40,69
12140,38,14
12141,0,3
12142,8,0
12143,21,75
12144,7,0
12145,24,10
12146,7,29
12147,32,0
12148,0,0
12149,68,59
12150,48,80
12151,14,0
12152,35,25
12153,13,1
12154,28,22
12155,19,41
12156,58,32
12157,14,36
12158,24,2
12159,5,4
12160,0,0
12161,0,0
12162,0,0
12163,0,0
12164,0,0
12165,0,0
12166,0,0
12167,0,0
12168,0,0
12169,0,0
12170,0,0
12171,0,0
12172,0,0
12173,0,0
12174,0,0
12175,0,0
12176,0,0
12177,0,0
12178,0,0
12179,0,0
12180,30,29
12181,15,51
12182,10,0
12183,26,128
12184,0,0
12185,22,0
12186,25,20
12187,10,11
12188,25,14
12189,8,14
12190,27,77
12191,0,27
12192,5,1
12193,0,0
12194,0,1
12195,5,3
12196,63,89
12197,7,53
12198,31,9
12199,26,3
12200,0,0
12201,0,0
12202,0,0
12203,0,0
12204,0,0
12205,0,0
12206,0,0
12207,0,0
12208,0,0
12209,0,0
12210,0,0
12211,0,0
12212,0,0
12213,0,0
12214,0,0
12215,0,0
12216,0,0
12217,0,0
12218,0,0
12219,0,0
12220,6,13
12221,20,28
12222,11,1
12223,49,51
12224,42,6
12225,29,29
12226,29,22
12227,0,27
12228,48,30
12229,0,18
12230,2,7
12231,16,7
12232,21,7
12233,20,1
12234,30,86
12235,27,82
12236,31,42
12237,38,32
12238,22,4
12239,19,21
12240,1,37
12241,10,3
12242,0,28
12243,16,47
12244,26,58
12245,5,31
12246,9,35
12247,7,49
12248,0,7
12249,0,1
12250,9,29
12251,25,4
12252,5,31
12253,9,61
12254,9,0
12255,23,17
12256,7,0
12257,2,21
12258,8,0
12259,5,0
12260,31,22
12261,2,3
12262,0,0
12263,0,0
12264,0,0
12265,0,0
12266,0,0
12267,4,1
12268,0,0
12269,1,0
12270,0,0
12271,1,0
12272,0,0
12273,0,0
12274,0,0
12275,0,0
12276,0,0
12277,2,0
12278,0,0
12279,0,19
12280,33,11
12281,18,6
12282,14,12
12283,21,28
12284,0,47
12285,16,2
12286,3,0
12287,8,0
12288,9,0
12289,9,27
12290,0,1
12291,5,0
12292,15,6
12293,29,0
12294,0,5
12295,23,6
12296,5,10
12297,0,0
12298,5,4
12299,3,0
12300,0,0
12301,0,0
12302,0,0
12303,0,0
12304,0,0
12305,0,0
12306,0,0
12307,0,0
12308,0,5
12309,0,0
12310,0,0
12311,0,0
12312,0,0
12313,0,0
12314,0,0
12315,0,0
12316,0,0
12317,0,0
12318,0,0
12319,0,0
12320,20,1
12321,14,3
12322,3,11
12323,20,44
12324,20,19
12325,24,37
12326,21,35
12327,37,32
12328,49,21
12329,21,18
12330,2,7
12331,42,5
12332,64,9
12333,50,6
12334,15,12
12335,1,27
12336,13,9
12337,5,13
12338,28,35
12339,38,53
12340,8,26
12341,12,53
12342,0,0
12343,31,5
12344,42,9
12345,34,8
12346,22,10
12347,41,45
12348,54,48
12349,21,29
12350,48,16
12351,4,30
12352,28,5
12353,21,4
12354,30,31
12355,19,20
12356,0,2
12357,6,42
12358,18,2
12359,18,38
12360,0,12
12361,12,39
12362,20,0
12363,13,6
12364,37,0
12365,28,12
12366,1,9
12367,0,0
12368,5,4
12369,7,57
12370,0,0
12371,3,0
12372,26,0
12373,0,8
12374,0,0
12375,14,13
12376,0,0
12377,11,46
12378,16,0
12379,15,31
12380,14,7
12381,0,0
12382,27,0
12383,12,0
12384,2,5
12385,0,0
12386,36,25
12387,1,6
12388,9,0
12389,0,0
12390,4,0
12391,14,8
12392,0,0
12393,11,0
12394,25,3
12395,0,0
12396,8,59
12397,0,1
12398,0,0
12399,0,0
12400,10,3
12401,3,0
12402,39,0
12403,0,33
12404,0,47
12405,38,74
12406,8,8
12407,2,6
12408,5,8
12409,4,4
12410,0,0
12411,2,0
12412,1,17
12413,5,5
12414,1,0
12415,36,0
12416,0,4
12417,10,4
12418,7,5
12419,27,4
12420,30,16
12421,5,54
12422,0,11
12423,0,0
12424,0,7
12425,3,41
12426,5,0
12427,1,5
12428,0,13
12429,6,47
12430,2,0
12431,14,9
12432,19,16
12433,16,0
12434,7,0
12435,15,11
12436,20,12
12437,32,0
12438,22,0
12439,16,16
12440,0,0
12441,0,0
12442,24,0
12443,17,9
12444,2,24
12445,0,9
12446,1,2
12447,4,0
12448,0,2
12449,0,40
12450,0,0
12451,3,0
12452,1,0
12453,0,22
12454,0,0
12455,3,0
12456,2,0
12457,10,10
12458,1,0
12459,3,0
12460,30,5
12461,3,27
12462,3,19
12463,2,35
12464,5,10
12465,35,14
12466,11,24
12467,26,13
12468,67,30
12469,47,61
12470,15,44
12471,7,33
12472,12,1
12473,37,35
12474,22,17
12475,0,17
12476,10,11
12477,19,22
12478,4,22
12479,2,7
12480,9,0
12481,0,1
12482,20,6
12483,8,1
12484,15,35
12485,2,0
12486,0,7
12487,0,5
12488,0,16
12489,26,30
12490,0,0
12491,0,16
12492,9,0
12493,8,0
12494,0,0
12495,3,11
12496,10,0
12497,0,0
12498,35,15
12499,30,19
12500,37,0
12501,0,0
12502,0,1
12503,0,29
12504,0,47
12505,0,0
12506,0,1
12507,4,4
12508,2,0
12509,13,0
12510,2,0
12511,19,0
12512,2,5
12513,5,0
12514,0,0
12515,0,24
12516,0,3
12517,5,0
12518,28,0
12519,7,0
12520,3,0
12521,26,22
12522,2,6
12523,2,0
12524,34,13
12525,9,8
12526,0,16
12527,13,8
12528,8,0
12529,5,32
12530,9,3
12531,0,2
12532,43,1
12533,12,0
12534,16,3
12535,5,61
12536,4,0
12537,0,0
12538,13,35
12539,24,2
12540,35,67
12541,0,16
12542,17,13
12543,10,3
12544,24,60
12545,29,19
12546,24,6
12547,0,15
12548,4,8
12549,21,7
12550,38,32
12551,8,0
12552,15,0
12553,55,100
12554,10,30
12555,20,20
12556,8,0
12557,15,6
12558,3,2
12559,6,16
12560,0,0
12561,0,0
12562,0,0
12563,0,0
12564,0,0
12565,0,0
12566,0,0
12567,0,0
12568,0,0
12569,0,0
12570,0,0
12571,0,0
12572,0,0
12573,0,0
12574,0,0
12575,0,0
12576,0,0
12577,0,0
12578,0,0
12579,0,0
12580,0,25
12581,12,0
12582,0,5
12583,0,3
12584,22,0
12585,1,0
12586,0,0
12587,0,19
12588,0,35
12589,16,0
12590,3,14
12591,0,9
12592,20,0
12593,0,13
12594,7,14
12595,0,0
12596,10,0
12597,3,10
12598,0,0
12599,8,0
12600,0,0
12601,0,0
12602,16,0
12603,0,9
12604,1,14
12605,0,0
12606,1,0
12607,0,0
12608,0,0
12609,0,0
12610,0,0
12611,0,0
12612,0,0
12613,0,0
12614,0,0
12615,0,0
12616,0,0
12617,0,0
12618,0,0
12619,19,0
12620,17,9
12621,21,5
12622,18,25
12623,7,0
12624,4,0
12625,36,17
12626,0,0
12627,0,34
12628,23,0
12629,32,0
12630,7,41
12631,0,7
12632,0,0
12633,0,0
12634,5,0
12635,3,20
12636,10,48
12637,3,33
12638,1,9
12639,0,0
12640,0,0
12641,4,0
12642,3,2
12643,0,0
12644,0,1
12645,0,0
12646,0,0
12647,0,0
12648,1,0
12649,11,0
12650,2,14
12651,4,0
12652,0,0
12653,0,22
12654,16,27
12655,4,0
12656,0,0
12657,5,53
12658,0,31
12659,0,0
12660,4,0
12661,14,32
12662,5,0
12663,0,10
12664,33,4
12665,0,0
12666,58,22
12667,0,2
12668,0,0
12669,11,0
12670,0,13
12671,0,29
12672,20,21
12673,5,41
12674,0,0
12675,17,5
12676,7,27
12677,48,0
12678,3,2
12679,27,27
12680,1,0
12681,0,0
12682,0,18
12683,0,0
12684,0,0
12685,0,0
12686,4,7
12687,0,0
12688,3,0
12689,0,0
12690,0,0
12691,0,0
12692,0,0
12693,0,0
12694,0,0
12695,11,0
12696,0,0
12697,0,0
12698,0,0
12699,0,0
12700,9,0
12701,1,0
12702,20,10
12703,5,19
12704,0,2
12705,18,66
12706,6,11
12707,0,0
12708,3,0
12709,5,19
12710,9,15
12711,0,0
12712,4,24
12713,8,0
12714,2,9
12715,18,0
12716,7,5
12717,0,0
12718,2,0
12719,13,0
12720,0,0
12721,15,0
12722,1,0
12723,0,0
12724,0,0
12725,0,0
12726,0,0
12727,0,0
12728,0,0
12729,0,0
12730,0,0
12731,0,0
12732,0,0
12733,0,0
12734,0,0
12735,0,0
12736,0,0
12737,0,0
12738,0,0
12739,0,0
12740,0,0
12741,0,0
12742,0,0
12743,3,0
12744,0,0
12745,2,0
12746,15,0
12747,0,0
12748,0,0
12749,0,0
12750,0,0
12751,0,0
12752,0,0
12753,0,0
12754,0,0
12755,0,0
12756,0,0
12757,0,0
12758,0,0
12759,0,0
12760,0,14
12761,0,0
12762,16,23
12763,1,16
12764,9,1
12765,2,10
12766,0,0
12767,3,0
12768,0,0
12769,14,11
12770,21,0
12771,0,0
12772,0,0
12773,19,58
12774,0,2
12775,9,13
12776,0,0
12777,0,0
12778,0,0
12779,3,0
12780,28,7
12781,6,5
12782,5,0
12783,6,0
12784,0,15
12785,15,13
12786,1,0
12787,1,0
12788,0,0
12789,6,2
12790,0,0
12791,0,9
12792,0,0
12793,0,0
12794,0,0
12795,26,22
12796,1,0
12797,44,0
12798,22,0
12799,14,9
12800,15,13
12801,3,3
12802,2,6
12803,0,41
12804,5,0
12805,0,1
12806,0,0
12807,0,4
12808,0,5
12809,0,0
12810,13,0
12811,1,0
12812,0,0
12813,18,0
12814,0,0
12815,40,0
12816,0,0
12817,5,0
12818,1,0
12819,3,2
12820,17,0
12821,14,2
12822,0,0
12823,0,21
12824,16,8
12825,1,0
12826,0,22
12827,0,23
12828,3,0
12829,5,0
12830,12,1
12831,0,0
12832,26,0
12833,20,4
12834,0,0
12835,13,0
12836,0,0
12837,24,1
12838,1,1
12839,7,1
12840,27,2
12841,10,1
12842,4,0
12843,7,0
12844,51,35
12845,32,14
12846,1,0
12847,0,0
12848,0,0
12849,24,8
12850,10,0
12851,3,26
12852,14,29
12853,14,28
12854,5,27
12855,43,28
12856,9,14
12857,37,0
12858,20,5
12859,40,0
12860,8,43
12861,7,10
12862,16,5
12863,0,0
12864,0,13
12865,1,20
12866,0,13
12867,0,0
12868,43,6
12869,16,1
12870,4,0
12871,33,0
12872,2,29
12873,4,0
12874,0,0
12875,7,3
12876,0,0
12877,32,8
12878,16,0
12879,0,25
12880,15,17
12881,20,0
12882,1,2
12883,0,0
12884,45,0
12885,0,0
12886,5,5
12887,8,4
12888,18,2
12889,7,4
12890,0,3
12891,0,0
12892,6,23
12893,0,0
12894,3,9
12895,0,7
12896,36,2
12897,0,2
12898,14,1
12899,2,17
12900,11,1
12901,4,0
12902,9,8
12903,41,13
12904,0,9
12905,5,25
12906,0,15
12907,1,15
12908,10,7
12909,17,16
12910,24,11
12911,24,26
12912,0,0
12913,16,0
12914,27,12
12915,5,0
12916,5,0
12917,16,24
12918,0,0
12919,56,22
12920,0,0
12921,7,0
12922,17,0
12923,0,0
12924,31,1
12925,0,24
12926,66,13
12927,0,0
12928,0,0
12929,16,2
12930,13,10
12931,8,4
12932,0,0
12933,0,18
12934,3,8
12935,22,0
12936,0,11
12937,14,0
12938,28,1
12939,18,17
12940,25,27
12941,0,6
12942,12,38
12943,0,8
12944,8,0
12945,10,6
12946,30,91
12947,4,6
12948,0,0
12949,13,0
12950,0,0
12951,36,0
12952,0,0
12953,20,0
12954,22,0
12955,0,0
12956,0,3
12957,6,9
12958,42,30
12959,4,17
12960,25,22
12961,17,9
12962,50,22
12963,1,5
12964,22,16
12965,0,44
12966,0,21
12967,4,14
12968,28,16
12969,16,37
12970,33,55
12971,19,18
12972,7,33
12973,34,26
12974,4,6
12975,6,18
12976,3,16
12977,15,29
12978,30,22
12979,6,38
12980,17,2
12981,11,7
12982,2,0
12983,0,26
12984,43,24
12985,26,0
12986,6,19
12987,10,0
12988,3,2
12989,24,13
12990,21,3
12991,2,0
12992,7,0
12993,16,24
12994,21,43
12995,26,15
12996,2,0
12997,4,3
12998,7,12
12999,0,17
13000,24,9
13001,27,18
13002,23,12
13003,33,7
13004,20,20
13005,4,20
13006,25,0
13007,9,11
13008,22,7
13009,8,4
13010,5,21
13011,19,27
13012,22,6
13013,24,13
13014,12,30
13015,6,23
13016,0,5
13017,0,5
13018,3,9
13019,22,1
13020,21,1
13021,21,35
13022,65,13
13023,25,28
13024,8,3
13025,0,25
13026,3,17
13027,14,12
13028,26,24
13029,31,12
13030,9,6
13031,2,15
13032,12,0
13033,0,15
13034,18,16
13035,53,33
13036,12,4
13037,31,48
13038,16,0
13039,12,10
13040,0,0
13041,0,0
13042,0,0
13043,0,0
13044,0,0
13045,0,0
13046,0,0
13047,0,0
13048,0,0
13049,0,0
13050,0,0
13051,0,0
13052,0,0
13053,1,0
13054,0,0
13055,0,0
13056,1,0
13057,0,0
13058,0,0
13059,0,0
13060,0,0
13061,0,0
13062,1,0
13063,4,1
13064,0,0
13065,0,0
13066,0,0
13067,0,7
13068,4,0
13069,0,1
13070,0,0
13071,0,0
13072,0,0
13073,0,0
13074,0,0
13075,0,0
13076,0,0
13077,0,0
13078,4,2
13079,0,0
13080,20,12
13081,5,11
13082,0,3
13083,20,5
13084,3,47
13085,1,2
13086,2,44
13087,0,22
13088,7,25
13089,2,0
13090,4,0
13091,0,12
13092,0,2
13093,0,34
13094,19,29
13095,16,6
13096,10,5
13097,15,0
13098,21,20
13099,28,47
13100,3,0
13101,0,0
13102,0,0
13103,0,0
13104,0,0
13105,0,0
13106,11,15
13107,0,0
13108,0,0
13109,0,0
13110,0,0
13111,1,0
13112,0,0
13113,0,0
13114,0,0
13115,0,0
13116,0,0
13117,0,0
13118,0,0
13119,1,0
13120,4,17
13121,14,29
13122,2,34
13123,11,3
13124,9,17
13125,1,0
13126,28,24
13127,0,0
13128,7,35
13129,0,14
13130,0,2
13131,2,0
13132,0,0
13133,31,10
13134,21,1
13135,0,6
13136,10,0
13137,0,4
13138,11,1
13139,2,1
13140,0,0
13141,0,0
13142,0,30
13143,0,0
13144,7,0
13145,2,0
13146,0,0
13147,0,0
13148,0,3
13149,0,0
13150,29,2
13151,0,0
13152,0,6
13153,1,0
13154,0,0
13155,20,3
13156,0,0
13157,0,0
13158,0,0
13159,5,10
13160,0,3
13161,0,0
13162,7,0
13163,0,6
13164,6,0
13165,0,10
13166,2,0
13167,0,0
13168,2,19
13169,0,0
13170,0,0
13171,0,0
13172,0,0
13173,7,28
13174,6,12
13175,2,7
13176,0,1
13177,0,0
13178,2,11
13179,5,0
13180,0,0
13181,0,30
13182,0,0
13183,0,0
13184,2,0
13185,0,0
13186,8,0
13187,0,0
13188,0,0
13189,0,7
13190,0,0
13191,0,0
13192,0,0
13193,0,0
13194,0,0
13195,0,0
13196,0,0
13197,0,6
13198,0,11
13199,0,0
13200,0,0
13201,0,0
13202,0,0
13203,0,0
13204,0,0
13205,0,0
13206,0,0
13207,0,0
13208,0,0
13209,0,0
13210,9,9
13211,0,0
13212,0,0
13213,0,0
13214,0,0
13215,0,0
13216,0,0
13217,0,0
13218,0,0
13219,0,0
13220,0,0
13221,3,0
13222,25,0
13223,0,0
13224,0,0
13225,0,0
13226,0,0
13227,1,0
13228,0,0
13229,6,11
13230,1,0
13231,4,0
13232,8,13
13233,0,0
13234,0,0
13235,0,0
13236,0,0
13237,0,4
13238,2,0
13239,0,0
13240,0,0
13241,0,0
13242,0,0
13243,0,0
13244,0,0
13245,0,0
13246,0,0
13247,0,0
13248,0,0
13249,0,0
13250,0,0
13251,0,0
13252,0,0
13253,0,0
13254,0,0
13255,0,0
13256,0,0
13257,0,0
13258,0,0
13259,0,15
13260,0,20
13261,5,5
13262,0,0
13263,0,7
13264,0,0
13265,12,16
13266,0,0
13267,1,0
13268,0,0
13269,0,7
13270,0,0
13271,8,0
13272,21,0
13273,0,11
13274,0,0
13275,0,0
13276,0,0
13277,1,0
13278,12,0
13279,0,0
13280,0,0
13281,0,0
13282,0,0
13283,1,0
13284,0,0
13285,0,0
13286,5,4
13287,5,0
13288,0,0
13289,0,25
13290,0,0
13291,0,0
13292,0,0
13293,1,5
13294,0,0
13295,11,1
13296,0,0
13297,0,0
13298,5,0
13299,0,0
13300,43,7
13301,24,0
13302,1,0
13303,105,9
13304,7,14
13305,0,8
13306,22,21
13307,0,0
13308,34,16
13309,17,0
13310,29,17
13311,0,6
13312,37,3
13313,31,35
13314,31,39
13315,6,3
13316,0,6
13317,1,13
13318,8,1
13319,19,0
13320,1,0
13321,0,0
13322,0,0
13323,0,19
13324,8,7
13325,3,0
13326,18,0
13327,3,0
13328,1,0
13329,0,0
13330,2,0
13331,0,2
13332,2,1
13333,0,50
13334,20,0
13335,1,0
13336,0,0
13337,0,0
13338,1,0
13339,0,0
13340,0,24
13341,9,0
13342,0,0
13343,0,0
13344,0,0
13345,5,0
13346,0,0
13347,0,2
13348,0,0
13349,0,8
13350,2,0
13351,0,0
13352,6,0
13353,4,0
13354,0,0
13355,2,0
13356,0,0
13357,0,0
13358,0,0
13359,5,0
13360,9,74
13361,27,0
13362,18,29
13363,0,1
13364,0,0
13365,0,24
13366,38,57
13367,10,9
13368,5,6
13369,0,28
13370,0,1
13371,0,21
13372,6,42
13373,39,7
13374,17,0
13375,2,0
13376,0,21
13377,3,2
13378,8,14
13379,24,27
13380,0,0
13381,0,0
13382,0,0
13383,0,0
13384,0,0
13385,0,0
13386,0,0
13387,0,0
13388,0,0
13389,0,0
13390,0,0
13391,0,0
13392,0,0
13393,0,0
13394,0,0
13395,0,0
13396,0,0
13397,0,0
13398,0,0
13399,0,0
13400,3,48
13401,0,1
13402,2,0
13403,18,47
13404,0,1
13405,22,0
13406,20,13
13407,0,9
13408,8,0
13409,2,13
13410,24,5
13411,1,5
13412,4,10
13413,10,76
13414,36,0
13415,0,0
13416,0,0
13417,21,39
13418,6,61
13419,0,22
13420,11,33
13421,0,0
13422,43,36
13423,10,13
13424,8,4
13425,15,17
13426,14,27
13427,13,4
13428,40,15
13429,38,30
13430,10,84
13431,31,44
13432,9,34
13433,2,50
13434,49,44
13435,29,0
13436,8,5
13437,15,61
13438,22,27
13439,38,85
13440,9,1
13441,16,69
13442,23,152
13443,20,36
13444,18,69
13445,63,7
13446,20,12
13447,36,0
13448,19,0
13449,121,68
13450,77,47
13451,63,28
13452,23,41
13453,12,0
13454,8,0
13455,82,40
13456,55,37
13457,63,104
13458,16,55
13459,36,93
13460,35,0
13461,1,3
13462,58,66
13463,37,1
13464,8,50
13465,20,0
13466,61,17
13467,0,40
13468,36,6
13469,16,66
13470,51,6
13471,62,19
13472,2,26
13473,20,42
13474,36,23
13475,48,72
13476,5,26
13477,20,40
13478,3,16
13479,64,13
13480,25,43
13481,6,32
13482,1,7
13483,18,48
13484,0,0
13485,0,0
13486,5,6
13487,3,0
13488,53,0
13489,45,36
13490,0,0
13491,4,0
13492,0,11
13493,1,0
13494,39,12
13495,0,2
13496,19,6
13497,19,0
13498,0,0
13499,0,5
13500,27,1
13501,0,0
13502,0,0
13503,0,0
13504,5,2
13505,4,0
13506,13,4
13507,0,0
13508,1,23
13509,5,84
13510,0,3
13511,7,0
13512,0,0
13513,0,0
13514,0,0
13515,8,7
13516,0,0
13517,6,0
13518,0,0
13519,1,18
13520,0,0
13521,26,0
13522,0,0
13523,0,0
13524,0,1
13525,14,28
13526,13,16
13527,0,0
13528,0,0
13529,0,0
13530,0,0
13531,1,0
13532,0,0
13533,31,0
13534,2,0
13535,1,0
13536,0,0
13537,12,0
13538,23,0
13539,6,0
13540,0,0
13541,0,0
13542,0,0
13543,0,6
13544,0,5
13545,10,22
13546,0,0
13547,0,0
13548,0,0
13549,0,0
13550,0,28
13551,0,0
13552,0,0
13553,10,2
13554,0,0
13555,0,0
13556,0,0
13557,0,0
13558,7,0
13559,0,0
13560,0,38
13561,6,0
13562,0,8
13563,22,22
13564,21,0
13565,0,2
13566,3,3
13567,0,0
13568,7,0
13569,9,18
13570,3,1
13571,6,1
13572,2,0
13573,20,4
13574,3,0
13575,7,0
13576,14,1
13577,0,0
13578,11,4
13579,23,0
13580,4,36
13581,12,59
13582,11,0
13583,31,42
13584,37,15
13585,2,58
13586,26,71
13587,22,9
13588,2,1
13589,15,21
13590,0,23
13591,37,25
13592,21,6
13593,2,3
13594,24,30
13595,15,37
13596,63,16
13597,9,0
13598,33,20
13599,3,10
13600,6,18
13601,0,1
13602,20,1
13603,57,1
13604,0,0
13605,0,0
13606,13,5
13607,5,23
13608,0,0
13609,0,9
13610,4,3
13611,1,11
13612,26,0
13613,8,23
13614,9,0
13615,2,3
13616,0,12
13617,4,11
13618,18,0
13619,0,6
13620,3,0
13621,15,1
13622,5,7
13623,12,18
13624,2,11
13625,9,8
13626,3,0
13627,7,29
13628,0,0
13629,2,8
13630,1,0
13631,0,0
13632,5,27
13633,1,1
13634,0,5
13635,4,21
13636,0,1
13637,2,19
13638,8,0
13639,0,0
13640,0,19
13641,13,0
13642,0,7
13643,2,5
13644,2,1
13645,6,0
13646,0,7
13647,0,0
13648,5,26
13649,2,2
13650,0,0
13651,16,14
13652,2,0
13653,1,1
13654,21,0
13655,0,0
13656,13,0
13657,3,0
13658,35,0
13659,0,0
13660,0,0
13661,10,0
13662,10,0
13663,9,10
13664,9,5
13665,0,0
13666,46,0
13667,0,1
13668,23,0
13669,0,4
13670,1,0
13671,0,0
13672,0,0
13673,0,0
13674,0,0
13675,0,0
13676,0,0
13677,0,0
13678,0,0
13679,13,0
13680,0,1
13681,8,33
13682,9,3
13683,1,0
13684,5,8
13685,13,0
13686,1,0
13687,18,1
13688,0,0
13689,1,11
13690,1,0
13691,0,0
13692,8,36
13693,0,0
13694,0,1
13695,0,0
13696,0,21
13697,12,16
13698,2,13
13699,12,13
13700,18,31
13701,11,6
13702,17,20
13703,6,16
13704,12,29
13705,19,1
13706,10,15
13707,0,37
13708,5,48
13709,13,22
13710,18,25
13711,39,7
13712,14,42
13713,24,9
13714,8,30
13715,15,4
13716,19,11
13717,5,30
13718,33,2
13719,17,12
13720,30,0
13721,30,28
13722,13,27
13723,5,0
13724,22,0
13725,57,32
13726,0,37
13727,0,4
13728,36,21
13729,0,2
13730,1,0
13731,0,3
13732,3,1
13733,3,2
13734,0,21
13735,18,54
13736,1,10
13737,24,12
13738,3,31
13739,21,11
13740,19,25
13741,7,0
13742,3,4
13743,15,0
13744,22,16
13745,0,14
13746,2,9
13747,0,2
13748,2,4
13749,11,26
13750,9,1
13751,0,32
13752,0,0
13753,11,21
13754,0,0
13755,17,1
13756,0,17
13757,17,35
13758,11,11
13759,7,4
13760,0,0
13761,1,0
13762,32,3
13763,0,2
13764,0,26
13765,14,4
13766,0,3
13767,14,0
13768,37,17
13769,19,51
13770,19,8
13771,9,18
13772,36,1
13773,0,0
13774,18,9
13775,28,28
13776,3,11
13777,25,39
13778,16,14
13779,24,0
13780,0,3
13781,13,4
13782,9,89
13783,7,8
13784,21,3
13785,0,3
13786,0,3
13787,8,0
13788,44,3
13789,0,1
13790,5,20
13791,13,0
13792,0,0
13793,0,1
13794,17,21
13795,0,12
13796,0,0
13797,9,0
13798,0,0
13799,0,0
13800,28,11
13801,12,9
13802,27,19
13803,32,18
13804,22,55
13805,14,57
13806,63,47
13807,8,16
13808,39,41
13809,24,44
13810,5,5
13811,41,23
13812,48,61
13813,49,59
13814,58,86
13815,43,11
13816,16,0
13817,25,18
13818,10,66
13819,9,4
13820,3,9
13821,20,3
13822,28,65
13823,41,22
13824,20,32
13825,3,17
13826,26,24
13827,10,31
13828,51,82
13829,71,30
13830,30,51
13831,9,95
13832,30,68
13833,19,37
13834,38,27
13835,60,73
13836,5,19
13837,57,16
13838,16,103
13839,17,114
13840,0,0
13841,14,6
13842,2,4
13843,0,2
13844,3,34
13845,17,27
13846,2,29
13847,21,24
13848,3,5
13849,0,10
13850,0,24
13851,14,5
13852,4,6
13853,1,0
13854,0,7
13855,18,0
13856,0,2
13857,2,0
13858,16,3
13859,4,6
13860,94,57
13861,29,120
13862,73,77
13863,54,30
13864,26,47
13865,59,39
13866,46,74
13867,75,80
13868,41,94
13869,51,48
13870,25,12
13871,25,22
13872,51,35
13873,5,10
13874,28,26
13875,38,62
13876,45,6
13877,20,39
13878,47,110
13879,29,44
13880,143,59
13881,39,97
13882,88,60
13883,27,14
13884,92,42
13885,28,24
13886,41,70
13887,55,50
13888,37,67
13889,37,76
13890,34,59
13891,31,61
13892,45,7
13893,49,9
13894,32,69
13895,67,43
13896,98,59
13897,33,49
13898,17,45
13899,59,25
13900,0,0
13901,0,0
13902,0,0
13903,0,0
13904,0,0
13905,0,0
13906,0,0
13907,0,0
13908,0,0
13909,0,0
13910,0,0
13911,0,0
13912,0,0
13913,2,0
13914,0,0
13915,0,0
13916,0,0
13917,0,0
13918,0,0
13919,0,0
13920,53,99
13921,27,58
13922,26,0
13923,13,64
13924,11,18
13925,30,20
13926,19,38
13927,40,23
13928,53,41
13929,12,79
13930,2,1
13931,21,37
13932,19,0
13933,1,8
13934,25,20
13935,34,11
13936,4,35
13937,64,88
13938,2,15
13939,11,11
13940,0,0
13941,0,0
13942,0,0
13943,0,0
13944,0,0
13945,0,0
13946,0,0
13947,0,0
13948,0,0
13949,0,0
13950,0,0
13951,0,0
13952,0,0
13953,0,0
13954,0,0
13955,0,0
13956,0,0
13957,0,0
13958,0,0
13959,0,0
13960,36,32
13961,51,9
13962,36,25
13963,83,33
13964,37,56
13965,25,56
13966,15,11
13967,36,75
13968,54,78
13969,24,45
13970,26,15
13971,24,19
13972,42,42
13973,47,41
13974,27,10
13975,43,23
13976,17,11
13977,47,34
13978,42,60
13979,56,4
13980,19,13
13981,19,71
13982,8,0
13983,0,29
13984,6,0
13985,3,59
13986,2,0
13987,1,0
13988,21,14
13989,10,22
13990,10,15
13991,0,0
13992,16,0
13993,17,3
13994,7,1
13995,3,0
13996,3,6
13997,9,91
13998,8,55
13999,0,4
14000,4,9
14001,1,0
14002,0,0
14003,0,0
14004,0,0
14005,0,0
14006,0,0
14007,6,2
14008,1,0
14009,0,0
14010,0,0
14011,4,0
14012,6,0
14013,0,0
14014,0,0
14015,0,0
14016,0,0
14017,1,0
14018,0,0
14019,0,16
14020,30,32
14021,29,2
14022,0,32
14023,23,8
14024,12,1
14025,3,0
14026,15,0
14027,13,71
14028,6,3
14029,10,84
14030,8,20
14031,0,8
14032,3,0
14033,0,0
14034,0,1
14035,0,0
14036,0,3
14037,24,17
14038,23,0
14039,7,0
14040,0,0
14041,0,0
14042,0,0
14043,0,0
14044,0,0
14045,0,0
14046,0,0
14047,0,0
14048,0,0
14049,0,0
14050,0,0
14051,0,0
14052,0,0
14053,0,0
14054,0,0
14055,0,0
14056,0,0
14057,0,0
14058,0,0
14059,0,0
14060,3,22
14061,37,9
14062,13,95
14063,51,0
14064,1,31
14065,24,48
14066,0,51
14067,23,3
14068,8,1
14069,34,4
14070,3,25
14071,32,0
14072,10,6
14073,53,40
14074,20,11
14075,39,52
14076,0,2
14077,32,30
14078,6,0
14079,33,0
14080,32,20
14081,40,7
14082,40,9
14083,42,35
14084,25,46
14085,7,22
14086,26,45
14087,40,16
14088,15,83
14089,31,30
14090,51,37
14091,14,1
14092,12,0
14093,35,7
14094,8,8
14095,16,34
14096,12,9
14097,41,34
14098,14,38
14099,19,24
14100,8,0
14101,0,0
14102,9,0
14103,1,13
14104,0,0
14105,0,3
14106,11,8
14107,2,0
14108,0,11
14109,7,16
14110,18,0
14111,1,0
14112,1,45
14113,0,0
14114,0,38
14115,1,0
14116,0,0
14117,0,0
14118,25,0
14119,7,0
14120,0,0
14121,0,0
14122,0,6
14123,0,0
14124,0,31
14125,2,17
14126,5,0
14127,0,0
14128,0,0
14129,3,0
14130,0,0
14131,0,0
14132,0,27
14133,0,9
14134,1,0
14135,0,0
14136,0,0
14137,1,12
14138,5,25
14139,3,0
14140,5,12
14141,20,8
14142,30,11
14143,3,0
14144,3,0
14145,17,0
14146,12,0
14147,1,10
14148,8,0
14149,0,0
14150,0,2
14151,2,14
14152,0,0
14153,0,0
14154,17,0
14155,0,2
14156,0,0
14157,23,24
14158,20,30
14159,6,36
14160,0,4
14161,6,8
14162,5,0
14163,6,3
14164,13,26
14165,22,17
14166,0,0
14167,0,0
14168,8,0
14169,9,14
14170,4,0
14171,36,45
14172,1,15
14173,0,0
14174,2,0
14175,0,4
14176,1,1
14177,0,25
14178,12,0
14179,8,14
14180,3,1
14181,0,0
14182,0,17
14183,1,25
14184,10,19
14185,17,13
14186,0,5
14187,1,13
14188,0,0
14189,0,0
14190,0,0
14191,5,0
14192,2,0
14193,0,52
14194,0,0
14195,0,0
14196,0,4
14197,0,7
14198,0,1
14199,24,27
14200,51,14
14201,28,16
14202,8,30
14203,2,4
14204,47,18
14205,51,19
14206,16,13
14207,35,10
14208,36,23
14209,81,118
14210,49,5
14211,13,55
14212,6,66
14213,20,36
14214,7,35
14215,16,11
14216,2,12
14217,8,3
14218,4,8
14219,17,17
14220,0,14
14221,13,3
14222,14,8
14223,0,15
14224,4,7
14225,8,8
14226,0,0
14227,17,4
14228,38,1
14229,1,25
14230,0,0
14231,2,0
14232,9,1
14233,7,48
14234,0,0
14235,12,20
14236,0,0
14237,1,1
14238,9,0
14239,20,89
14240,5,0
14241,0,0
14242,6,0
14243,8,5
14244,8,0
14245,0,0
14246,2,0
14247,11,0
14248,0,1
14249,36,0
14250,0,3
14251,5,10
14252,0,0
14253,7,0
14254,8,0
14255,29,0
14256,0,1
14257,0,43
14258,2,1
14259,4,19
14260,2,14
14261,46,0
14262,0,10
14263,0,0
14264,25,33
14265,11,5
14266,26,0
14267,11,0
14268,28,1
14269,7,0
14270,6,13
14271,12,0
14272,20,8
14273,7,0
14274,27,5
14275,0,5
14276,0,30
14277,0,0
14278,9,24
14279,4,23
14280,62,43
14281,29,12
14282,18,16
14283,11,19
14284,7,3
14285,12,38
14286,28,0
14287,2,1
14288,33,35
14289,17,83
14290,17,0
14291,0,1
14292,20,36
14293,4,23
14294,5,0
14295,38,2
14296,13,33
14297,53,46
14298,21,24
14299,19,9
14300,0,0
14301,0,0
14302,0,0
14303,0,0
14304,0,0
14305,0,0
14306,0,0
14307,0,0
14308,0,0
14309,0,0
14310,0,0
14311,0,0
14312,0,0
14313,0,0
14314,0,0
14315,0,0
14316,0,0
14317,0,0
14318,0,0
14319,0,0
14320,6,0
14321,1,0
14322,0,0
14323,7,0
14324,4,1
14325,5,16
14326,0,0
14327,5,0
14328,1,2
14329,14,0
14330,36,4
14331,0,7
14332,0,1
14333,2,17
14334,36,6
14335,12,22
14336,1,0
14337,0,3
14338,1,26
14339,0,9
14340,14,0
14341,5,1
14342,20,1
14343,23,0
14344,49,26
14345,14,4
14346,1,2
14347,59,19
14348,18,36
14349,34,20
14350,28,9
14351,45,56
14352,6,17
14353,15,25
14354,1,8
14355,5,32
14356,2,16
14357,27,37
14358,24,0
14359,2,19
14360,4,0
14361,0,4
14362,0,1
14363,8,23
14364,6,12
14365,0,2
14366,0,0
14367,0,13
14368,0,15
14369,1,5
14370,1,0
14371,1,0
14372,8,0
14373,0,22
14374,0,2
14375,3,6
14376,0,0
14377,0,0
14378,13,3
14379,0,0
14380,0,17
14381,12,9
14382,14,0
14383,17,0
14384,8,54
14385,31,7
14386,2,33
14387,2,1
14388,0,24
14389,0,3
14390,1,0
14391,7,0
14392,0,0
14393,0,0
14394,0,0
14395,0,34
14396,0,0
14397,0,0
14398,22,0
14399,0,1
14400,0,0
14401,0,0
14402,4,4
14403,0,0
14404,0,0
14405,3,0
14406,2,0
14407,0,1
14408,2,1
14409,29,0
14410,0,0
14411,7,0
14412,0,2
14413,0,0
14414,8,0
14415,0,0
14416,3,0
14417,0,0
14418,0,2
14419,4,0
14420,0,0
14421,0,0
14422,0,0
14423,0,0
14424,0,0
14425,0,0
14426,0,0
14427,0,0
14428,0,0
14429,0,0
14430,0,0
14431,0,0
14432,0,0
14433,0,0
14434,0,0
14435,0,0
14436,0,0
14437,0,0
14438,0,0
14439,0,0
14440,0,0
14441,0,0
14442,0,0
14443,0,0
14444,0,0
14445,0,0
14446,0,0
14447,0,13
14448,0,0
14449,0,0
14450,0,0
14451,0,0
14452,0,0
14453,2,0
14454,0,0
14455,0,0
14456,0,0
14457,0,0
14458,0,0
14459,0,0
14460,23,0
14461,25,9
14462,0,4
14463,11,15
14464,0,0
14465,19,94
14466,65,10
14467,0,0
14468,0,0
14469,17,0
14470,0,0
14471,0,8
14472,0,2
14473,5,2
14474,18,0
14475,13,0
14476,8,0
14477,16,0
14478,0,1
14479,4,31
14480,1,0
14481,14,9
14482,0,33
14483,0,0
14484,2,16
14485,0,0
14486,0,0
14487,0,0
14488,0,1
14489,113,4
14490,0,0
14491,0,17
14492,4,0
14493,4,23
14494,0,1
14495,0,0
14496,0,0
14497,1,1
14498,0,20
14499,63,0
14500,9,2
14501,0,0
14502,23,40
14503,0,0
14504,0,1
14505,16,18
14506,0,13
14507,19,32
14508,0,0
14509,3,0
14510,0,0
14511,4,31
14512,1,0
14513,0,0
14514,0,0
14515,0,0
14516,6,31
14517,0,0
14518,4,0
14519,3,11
14520,0,0
14521,0,0
14522,0,0
14523,0,0
14524,0,0
14525,0,0
14526,0,0
14527,0,0
14528,0,0
14529,0,0
14530,0,0
14531,0,0
14532,0,0
14533,0,0
14534,0,0
14535,0,0
14536,0,0
14537,0,0
14538,0,0
14539,0,0
14540,0,0
14541,0,0
14542,0,0
14543,0,0
14544,0,0
14545,6,0
14546,0,0
14547,0,0
14548,0,0
14549,0,0
14550,0,0
14551,0,0
14552,0,0
14553,0,0
14554,0,0
14555,0,0
14556,0,0
14557,0,0
14558,0,0
14559,0,0
14560,0,0
14561,0,0
14562,0,0
14563,0,0
14564,0,0
14565,0,0
14566,0,0
14567,0,0
14568,0,0
14569,0,0
14570,0,0
14571,0,0
14572,0,0
14573,0,0
14574,0,0
14575,0,0
14576,0,0
14577,0,0
14578,0,0
14579,0,0
14580,15,0
14581,16,0
14582,7,0
14583,0,0
14584,3,10
14585,6,1
14586,2,5
14587,4,0
14588,0,0
14589,0,30
14590,0,20
14591,0,0
14592,0,0
14593,44,39
14594,7,33
14595,3,0
14596,0,0
14597,0,1
14598,0,3
14599,0,0
14600,0,34
14601,5,0
14602,5,21
14603,6,0
14604,39,0
14605,2,0
14606,11,0
14607,0,13
14608,0,14
14609,21,0
14610,9,0
14611,29,0
14612,4,2
14613,3,0
14614,1,8
14615,10,4
14616,0,8
14617,0,16
14618,1,0
14619,2,14
14620,37,0
14621,0,7
14622,17,1
14623,0,0
14624,0,0
14625,0,12
14626,12,0
14627,3,2
14628,0,4
14629,3,0
14630,2,0
14631,2,1
14632,1,0
14633,0,0
14634,3,1
14635,0,3
14636,10,0
14637,3,13
14638,6,11
14639,25,13
14640,0,0
14641,0,0
14642,0,0
14643,0,0
14644,0,0
14645,0,0
14646,0,0
14647,0,0
14648,0,0
14649,0,0
14650,0,0
14651,0,0
14652,0,0
14653,0,0
14654,0,0
14655,0,0
14656,0,0
14657,0,0
14658,0,0
14659,0,0
14660,23,25
14661,9,23
14662,50,33
14663,11,8
14664,4,25
14665,73,98
14666,14,15
14667,57,7
14668,30,31
14669,17,24
14670,3,19
14671,20,17
14672,23,0
14673,1,29
14674,11,1
14675,34,38
14676,0,0
14677,40,33
14678,7,4
14679,35,57
14680,25,29
14681,42,99
14682,23,58
14683,43,28
14684,12,47
14685,26,83
14686,52,11
14687,26,57
14688,21,18
14689,40,8
14690,6,0
14691,44,16
14692,19,14
14693,45,15
14694,31,17
14695,4,15
14696,78,24
14697,10,38
14698,16,5
14699,26,10
14700,14,41
14701,12,3
14702,64,15
14703,0,1
14704,60,46
14705,39,9
14706,24,33
14707,13,9
14708,18,11
14709,14,36
14710,3,0
14711,31,3
14712,14,36
14713,22,61
14714,0,13
14715,25,21
14716,22,4
14717,5,0
14718,35,0
14719,11,23
14720,4,0
14721,7,6
14722,6,7
14723,0,20
14724,0,0
14725,0,2
14726,11,0
14727,6,1
14728,11,8
14729,0,12
14730,5,0
14731,19,18
14732,0,16
14733,0,0
14734,6,28
14735,46,16
14736,0,0
14737,20,28
14738,10,3
14739,1,0
14740,0,8
14741,11,0
14742,0,0
14743,0,0
14744,0,0
14745,0,0
14746,0,10
14747,0,0
14748,8,22
14749,0,0
14750,0,0
14751,0,32
14752,0,0
14753,0,0
14754,2,0
14755,0,0
14756,0,0
14757,0,0
14758,0,0
14759,0,0
14760,0,0
14761,0,0
14762,0,0
14763,0,0
14764,0,0
14765,0,0
14766,0,0
14767,0,0
14768,0,0
14769,0,0
14770,0,0
14771,0,0
14772,0,0
14773,0,0
14774,0,0
14775,0,0
14776,0,0
14777,0,0
14778,0,0
14779,0,0
14780,0,0
14781,3,0
14782,10,1
14783,0,11
14784,10,0
14785,5,39
14786,3,16
14787,1,12
14788,2,18
14789,45,48
14790,1,2
14791,0,9
14792,0,0
14793,2,19
14794,0,0
14795,0,36
14796,0,0
14797,8,0
14798,10,35
14799,0,19
14800,0,2
14801,32,13
14802,40,25
14803,24,47
14804,12,1
14805,11,0
14806,9,1
14807,6,3
14808,22,39
14809,4,2
14810,21,1
14811,7,27
14812,15,19
14813,24,16
14814,8,7
14815,6,0
14816,3,17
14817,5,32
14818,12,19
14819,10,0
14820,17,24
14821,36,44
14822,67,0
14823,9,10
14824,11,12
14825,2,22
14826,9,32
14827,1,13
14828,18,15
14829,6,7
14830,20,16
14831,14,16
14832,0,0
14833,16,0
14834,15,0
14835,11,5
14836,0,6
14837,27,0
14838,22,41
14839,5,0
14840,13,15
14841,47,43
14842,39,46
14843,1,6
14844,41,22
14845,22,6
14846,21,8
14847,63,67
14848,9,15
14849,84,11
14850,44,6
14851,11,30
14852,0,3
14853,41,26
14854,16,14
14855,41,28
14856,34,0
14857,24,16
14858,66,39
14859,22,32
14860,0,3
14861,5,7
14862,17,0
14863,0,0
14864,16,0
14865,5,10
14866,13,0
14867,13,0
14868,6,0
14869,0,0
14870,7,0
14871,0,23
14872,7,0
14873,4,0
14874,0,23
14875,0,0
14876,15,5
14877,1,22
14878,8,0
14879,16,5
14880,0,0
14881,7,0
14882,18,0
14883,1,1
14884,13,28
14885,0,7
14886,0,0
14887,4,0
14888,0,0
14889,4,18
14890,0,0
14891,7,11
14892,1,38
14893,22,0
14894,0,0
14895,24,18
14896,3,0
14897,12,36
14898,9,11
14899,5,1
14900,0,0
14901,0,0
14902,1,0
14903,0,0
14904,0,0
14905,0,0
14906,0,0
14907,0,0
14908,0,0
14909,0,0
14910,0,0
14911,6,0
14912,0,0
14913,0,0
14914,0,0
14915,0,0
14916,0,0
14917,1,0
14918,0,0
14919,0,3
14920,3,0
14921,19,73
14922,17,7
14923,0,0
14924,0,0
14925,10,0
14926,1,0
14927,0,7
14928,0,22
14929,11,6
14930,2,0
14931,11,34
14932,0,0
14933,1,16
14934,0,0
14935,0,0
14936,9,0
14937,36,37
14938,17,0
14939,10,17
14940,2,0
14941,0,15
14942,0,2
14943,18,1
14944,31,11
14945,0,0
14946,43,5
14947,1,0
14948,20,13
14949,0,0
14950,1,1
14951,4,12
14952,0,7
14953,0,0
14954,7,0
14955,0,4
14956,0,0
14957,4,0
14958,21,0
14959,0,0
14960,15,0
14961,45,25
14962,17,1
14963,16,3
14964,32,1
14965,0,0
14966,13,9
14967,17,28
14968,28,28
14969,12,13
14970,26,1
14971,48,30
14972,0,7
14973,5,9
14974,23,47
14975,0,3
14976,20,14
14977,27,2
14978,18,33
14979,29,33
14980,33,5
14981,21,28
14982,11,20
14983,8,25
14984,8,5
14985,6,0
14986,23,8
14987,7,30
14988,12,37
14989,5,8
14990,0,0
14991,1,0
14992,1,32
14993,1,0
14994,14,11
14995,5,0
14996,20,6
14997,17,5
14998,38,5
14999,51,70
15000,1,8
15001,37,31
15002,42,94
15003,41,12
15004,47,3
15005,0,0
15006,30,30
15007,36,32
15008,58,19
15009,47,52
15010,0,17
15011,44,20
15012,14,38
15013,37,36
15014,16,0
15015,11,12
15016,5,1
15017,21,10
15018,27,13
15019,34,32
15020,1,17
15021,35,2
15022,22,0
15023,0,0
15024,0,0
15025,19,0
15026,0,7
15027,0,0
15028,0,0
15029,0,0
15030,0,0
15031,0,0
15032,0,0
15033,0,0
15034,0,0
15035,0,0
15036,0,0
15037,2,0
15038,7,0
15039,0,0
15040,17,0
15041,6,21
15042,5,23
15043,0,1
15044,48,23
15045,10,0
15046,2,24
15047,32,10
15048,2,5
15049,49,13
15050,0,30
15051,4,1
15052,0,17
15053,0,0
15054,0,2
15055,0,7
15056,4,8
15057,18,56
15058,0,6
15059,0,56
15060,8,0
15061,4,0
15062,0,0
15063,0,0
15064,0,0
15065,0,16
15066,0,21
15067,0,0
15068,0,0
15069,0,0
15070,0,0
15071,12,0
15072,0,0
15073,0,0
15074,0,0
15075,4,0
15076,0,0
15077,0,0
15078,0,0
15079,0,0
15080,3,0
15081,0,42
15082,0,1
15083,0,0
15084,0,0
15085,0,0
15086,18,0
15087,0,8
15088,7,0
15089,0,0
15090,0,0
15091,1,8
15092,0,0
15093,0,0
15094,0,0
15095,0,0
15096,0,0
15097,0,19
15098,0,0
15099,0,0
15100,2,0
15101,0,0
15102,18,0
15103,0,0
15104,0,0
15105,0,0
15106,0,0
15107,0,0
15108,0,0
15109,0,0
15110,7,0
15111,0,1
15112,0,0
15113,0,3
15114,0,0
15115,0,0
15116,0,0
15117,2,27
15118,1,0
15119,3,4
15120,5,45
15121,9,0
15122,22,3
15123,1,0
15124,0,0
15125,0,0
15126,4,12
15127,1,0
15128,22,10
15129,0,0
15130,4,0
15131,3,4
15132,0,0
15133,3,12
15134,6,1
15135,0,0
15136,4,0
15137,0,17
15138,22,7
15139,15,0
15140,0,0
15141,0,0
15142,0,0
15143,0,0
15144,0,0
15145,0,0
15146,0,0
15147,0,0
15148,0,0
15149,0,0
15150,0,0
15151,0,0
15152,0,0
15153,0,0
15154,0,0
15155,0,0
15156,0,0
15157,0,0
15158,0,0
15159,0,0
15160,0,0
15161,0,0
15162,0,0
15163,0,0
15164,0,0
15165,0,0
15166,0,0
15167,0,0
15168,0,0
15169,0,0
15170,0,0
15171,0,0
15172,0,0
15173,0,0
15174,0,0
15175,0,0
15176,0,0
15177,0,0
15178,0,0
15179,0,0
15180,0,0
15181,0,0
15182,0,0
15183,0,0
15184,0,1
15185,0,0
15186,0,0
15187,0,0
15188,0,0
15189,0,0
15190,0,0
15191,5,0
15192,0,0
15193,0,0
15194,0,0
15195,0,0
15196,0,0
15197,0,2
15198,0,0
15199,0,0
15200,0,0
15201,0,0
15202,0,0
15203,0,0
15204,0,0
15205,0,0
15206,1,0
15207,0,0
15208,0,0
15209,0,0
15210,1,0
15211,0,4
15212,0,0
15213,5,0
15214,0,0
15215,0,0
15216,0,0
15217,0,0
15218,0,0
15219,0,4
15220,0,0
15221,0,0
15222,0,0
15223,0,0
15224,0,4
15225,0,4
15226,4,0
15227,0,0
15228,0,0
15229,0,0
15230,0,0
15231,0,0
15232,1,0
15233,0,0
15234,0,0
15235,0,0
15236,0,0
15237,0,0
15238,0,0
15239,0,0
15240,0,0
15241,0,0
15242,0,2
15243,0,0
15244,0,0
15245,17,1
15246,0,0
15247,5,4
15248,9,0
15249,3,0
15250,0,0
15251,7,7
15252,0,0
15253,0,4
15254,0,0
15255,0,0
15256,2,0
15257,0,0
15258,0,9
15259,12,0
15260,0,0
15261,28,0
15262,1,0
15263,0,0
15264,17,0
15265,0,0
15266,0,0
15267,2,0
15268,14,0
15269,0,0
15270,0,0
15271,5,0
15272,0,0
15273,0,0
15274,0,0
15275,0,0
15276,0,10
15277,0,0
15278,0,0
15279,0,0
15280,5,0
15281,7,0
15282,0,17
15283,0,0
15284,0,0
15285,0,0
15286,0,0
15287,0,0
15288,0,4
15289,5,6
15290,1,0
15291,0,0
15292,0,0
15293,1,0
15294,10,0
15295,6,0
15296,0,0
15297,0,0
15298,0,1
15299,0,0
15300,0,0
15301,4,0
15302,6,0
15303,0,0
15304,0,0
15305,0,0
15306,0,2
15307,0,0
15308,4,1
15309,9,0
15310,0,0
15311,0,0
15312,5,0
15313,5,0
15314,0,0
15315,0,0
15316,2,0
15317,0,7
15318,1,0
15319,2,0
15320,3,0
15321,28,4
15322,4,15
15323,42,9
15324,23,46
15325,6,0
15326,13,0
15327,8,1
15328,4,42
15329,9,14
15330,23,0
15331,20,16
15332,0,18
15333,4,0
15334,1,7
15335,0,24
15336,26,0
15337,0,20
15338,0,0
15339,0,0
15340,25,19
15341,4,19
15342,82,6
15343,0,14
15344,1,0
15345,1,0
15346,2,0
15347,8,0
15348,0,0
15349,0,6
15350,0,0
15351,6,0
15352,0,0
15353,2,21
15354,6,0
15355,0,1
15356,0,2
15357,1,0
15358,0,6
15359,6,0
15360,0,0
15361,0,7
15362,1,0
15363,0,0
15364,0,0
15365,0,0
15366,0,0
15367,0,0
15368,0,0
15369,10,1
15370,0,0
15371,14,0
15372,0,0
15373,9,0
15374,0,20
15375,0,0
15376,0,0
15377,9,0
15378,0,21
15379,0,0
15380,4,4
15381,3,16
15382,0,0
15383,10,0
15384,0,0
15385,2,0
15386,41,0
15387,0,1
15388,0,2
15389,0,0
15390,0,0
15391,0,0
15392,0,0
15393,9,16
15394,0,0
15395,0,25
15396,0,0
15397,3,0
15398,0,0
15399,3,3
15400,6,0
15401,0,0
15402,4,1
15403,0,0
15404,0,0
15405,0,1
15406,1,0
15407,3,0
15408,0,0
15409,3,0
15410,0,0
15411,0,0
15412,0,0
15413,10,22
15414,13,30
15415,0,0
15416,5,0
15417,11,3
15418,0,7
15419,0,13
15420,37,21
15421,6,13
15422,7,0
15423,10,1
15424,15,0
15425,0,0
15426,0,0
15427,26,12
15428,3,0
15429,6,5
15430,0,0
15431,11,4
15432,5,0
15433,18,0
15434,3,14
15435,7,6
15436,0,0
15437,23,21
15438,4,13
15439,13,19
15440,0,1
15441,0,0
15442,0,0
15443,0,0
15444,0,0
15445,0,0
15446,0,0
15447,0,0
15448,11,4
15449,4,0
15450,0,3
15451,0,11
15452,3,0
15453,0,0
15454,0,0
15455,0,0
15456,0,0
15457,0,0
15458,0,0
15459,0,0
15460,14,0
15461,0,63
15462,4,18
15463,0,10
15464,0,0
15465,16,29
15466,0,0
15467,3,19
15468,4,1
15469,16,4
15470,26,5
15471,8,0
15472,4,0
15473,23,0
15474,0,59
15475,0,5
15476,10,0
15477,75,4
15478,12,26
15479,10,2
15480,0,10
15481,0,0
15482,19,0
15483,0,0
15484,0,0
15485,0,0
15486,0,0
15487,0,0
15488,0,0
15489,0,0
15490,0,0
15491,0,0
15492,0,0
15493,0,0
15494,0,0
15495,0,0
15496,0,0
15497,0,20
15498,0,0
15499,3,4
15500,0,0
15501,1,0
15502,0,0
15503,0,19
15504,0,0
15505,0,0
15506,0,0
15507,23,4
15508,0,0
15509,0,0
15510,0,0
15511,0,0
15512,0,0
15513,0,0
15514,0,0
15515,0,0
15516,2,0
15517,0,0
15518,0,0
15519,0,0
15520,2,1
15521,0,0
15522,11,11
15523,10,0
15524,3,8
15525,2,7
15526,6,15
15527,0,1
15528,28,0
15529,6,0
15530,0,0
15531,0,2
15532,0,0
15533,1,0
15534,17,0
15535,0,0
15536,7,0
15537,0,0
15538,0,0
15539,0,0
15540,16,4
15541,0,13
15542,0,0
15543,10,18
15544,3,20
15545,1,12
15546,0,8
15547,35,0
15548,0,0
15549,0,19
15550,0,25
15551,0,1
15552,0,0
15553,3,0
15554,0,18
15555,0,0
15556,0,0
15557,10,9
15558,1,4
15559,14,0
15560,0,0
15561,16,0
15562,0,0
15563,0,0
15564,0,0
15565,0,0
15566,0,7
15567,7,0
15568,4,9
15569,0,0
15570,21,0
15571,0,3
15572,0,0
15573,0,0
15574,0,0
15575,0,1
15576,14,0
15577,0,3
15578,0,0
15579,0,33
15580,0,0
15581,18,0
15582,0,22
15583,0,0
15584,0,0
15585,6,0
15586,5,14
15587,0,0
15588,5,0
15589,0,0
15590,0,0
15591,0,0
15592,0,0
15593,5,0
15594,0,1
15595,0,0
15596,0,1
15597,0,0
15598,0,0
15599,0,14
15600,0,0
15601,3,33
15602,1,0
15603,15,0
15604,0,0
15605,0,0
15606,0,0
15607,2,0
15608,17,0
15609,0,0
15610,0,0
15611,0,1
15612,0,0
15613,16,25
15614,0,11
15615,17,0
15616,0,0
15617,0,33
15618,0,0
15619,0,0
15620,3,0
15621,0,0
15622,0,0
15623,0,0
15624,0,0
15625,0,0
15626,0,0
15627,0,0
15628,0,0
15629,0,0
15630,0,0
15631,1,0
15632,0,0
15633,0,0
15634,0,0
15635,0,0
15636,0,0
15637,0,2
15638,0,0
15639,0,0
15640,1,0
15641,0,0
15642,0,0
15643,0,0
15644,0,0
15645,7,23
15646,0,10
15647,0,0
15648,4,0
15649,0,0
15650,0,0
15651,16,0
15652,0,0
15653,0,32
15654,0,0
15655,0,0
15656,1,0
15657,2,27
15658,0,2
15659,0,0
15660,0,0
15661,11,0
15662,0,0
15663,0,0
15664,0,0
15665,11,0
15666,1,2
15667,0,72
15668,7,0
15669,0,0
15670,0,0
15671,0,0
15672,3,0
15673,0,0
15674,0,12
15675,6,27
15676,0,0
15677,0,9
15678,0,0
15679,0,0
15680,0,13
15681,14,0
15682,0,2
15683,0,0
15684,10,25
15685,0,0
15686,0,0
15687,0,0
15688,4,0
15689,0,0
15690,0,0
15691,4,0
15692,0,2
15693,0,0
15694,0,4
15695,8,0
15696,0,0
15697,0,0
15698,12,0
15699,5,0
15700,0,0
15701,0,0
15702,0,24
15703,0,0
15704,0,0
15705,0,0
15706,0,0
15707,5,0
15708,0,0
15709,0,0
15710,0,1
15711,0,0
15712,3,0
15713,0,19
15714,0,0
15715,0,0
15716,0,0
15717,0,26
15718,0,9
15719,1,0
15720,0,2
15721,18,0
15722,0,0
15723,0,0
15724,12,4
15725,0,0
15726,0,0
15727,8,7
15728,0,0
15729,0,4
15730,0,0
15731,0,0
15732,0,0
15733,0,0
15734,0,0
15735,0,0
15736,0,0
15737,0,0
15738,0,0
15739,0,0
15740,0,0
15741,0,0
15742,17,0
15743,0,0
15744,0,0
15745,0,0
15746,0,0
15747,0,0
15748,1,4
15749,0,0
15750,0,0
15751,0,0
15752,0,0
15753,0,8
15754,1,21
15755,0,0
15756,0,0
15757,0,0
15758,0,0
15759,0,0
15760,0,14
15761,12,0
15762,11,23
15763,12,13
15764,1,4
15765,0,4
15766,49,8
15767,19,26
15768,37,30
15769,0,0
15770,0,0
15771,4,5
15772,0,4
15773,0,0
15774,0,21
15775,0,14
15776,0,23
15777,7,3
15778,0,0
15779,0,27
15780,47,15
15781,44,7
15782,50,40
15783,28,30
15784,0,1
15785,0,3
15786,24,16
15787,73,69
15788,42,3
15789,39,43
15790,15,26
15791,5,0
15792,40,0
15793,16,36
15794,23,30
15795,6,26
15796,43,9
15797,20,11
15798,47,123
15799,39,42
15800,31,19
15801,38,52
15802,89,31
15803,18,19
15804,52,0
15805,10,73
15806,57,23
15807,48,29
15808,42,15
15809,49,1
15810,53,10
15811,52,88
15812,5,61
15813,76,35
15814,52,25
15815,1,0
15816,0,30
15817,56,25
15818,83,35
15819,31,45
15820,64,50
15821,9,0
15822,58,46
15823,39,15
15824,9,7
15825,55,36
15826,22,20
15827,27,44
15828,36,45
15829,13,4
15830,5,14
15831,14,28
15832,36,12
15833,0,45
15834,3,3
15835,40,28
15836,2,0
15837,42,30
15838,29,8
15839,9,39
15840,20,22
15841,7,0
15842,31,13
15843,8,9
15844,14,2
15845,43,16
15846,70,11
15847,38,27
15848,5,0
15849,7,4
15850,0,0
15851,2,42
15852,5,4
15853,17,0
15854,21,0
15855,5,15
15856,0,0
15857,18,13
15858,36,11
15859,6,7
15860,74,15
15861,33,26
15862,6,0
15863,3,3
15864,15,26
15865,11,27
15866,5,0
15867,13,2
15868,30,2
15869,14,0
15870,15,41
15871,24,3
15872,7,10
15873,11,0
15874,26,58
15875,5,0
15876,0,3
15877,16,18
15878,29,5
15879,6,49
15880,25,26
15881,13,32
15882,7,51
15883,3,13
15884,7,4
15885,40,9
15886,16,2
15887,23,16
15888,30,31
15889,5,0
15890,0,0
15891,1,49
15892,7,21
15893,12,0
15894,0,21
15895,13,0
15896,0,2
15897,1,2
15898,27,18
15899,0,18
15900,29,53
15901,24,43
15902,11,25
15903,34,26
15904,21,47
15905,33,3
15906,109,30
15907,67,9
15908,14,1
15909,41,35
15910,11,0
15911,58,12
15912,30,0
15913,18,55
15914,67,3
15915,30,65
15916,26,5
15917,21,21
15918,49,56
15919,14,14
15920,9,8
15921,16,11
15922,1,18
15923,0,0
15924,0,17
15925,14,3
15926,0,0
15927,22,13
15928,13,14
15929,0,19
15930,0,0
15931,3,0
15932,0,3
15933,1,27
15934,0,0
15935,0,15
15936,8,11
15937,11,9
15938,16,2
15939,11,0
15940,0,3
15941,15,8
15942,14,10
15943,9,7
15944,16,0
15945,0,0
15946,33,1
15947,31,0
15948,19,0
15949,8,9
15950,7,0
15951,3,0
15952,7,0
15953,0,3
15954,11,25
15955,5,11
15956,13,0
15957,33,39
15958,16,47
15959,7,10
15960,3,0
15961,0,0
15962,0,0
15963,0,0
15964,0,0
15965,0,0
15966,1,0
15967,0,0
15968,0,0
15969,11,0
15970,10,0
15971,0,17
15972,0,0
15973,0,35
15974,0,8
15975,0,0
15976,0,0
15977,0,0
15978,0,0
15979,0,0
15980,0,0
15981,0,0
15982,0,0
15983,0,0
15984,0,0
15985,7,0
15986,0,0
15987,0,0
15988,0,0
15989,22,0
15990,0,0
15991,0,0
15992,0,0
15993,0,0
15994,0,0
15995,0,0
15996,0,28
15997,0,0
15998,0,7
15999,0,0
16000,5,22
16001,0,0
16002,1,27
16003,4,0
16004,0,2
16005,24,2
16006,0,4
16007,13,0
16008,1,0
16009,0,0
16010,17,0
16011,5,0
16012,0,4
16013,0,11
16014,2,0
16015,1,0
16016,0,0
16017,0,22
16018,0,0
16019,0,0
16020,0,0
16021,4,5
16022,4,3
16023,1,13
16024,0,0
16025,0,0
16026,1,0
16027,3,1
16028,3,0
16029,0,0
16030,5,0
16031,0,0
16032,20,1
16033,0,0
16034,1,0
16035,3,15
16036,0,1
16037,22,0
16038,0,4
16039,0,17
16040,8,0
16041,18,0
16042,6,0
16043,1,0
16044,0,0
16045,0,0
16046,23,0
16047,4,2
16048,0,0
16049,0,9
16050,8,0
16051,0,0
16052,0,0
16053,0,0
16054,7,0
16055,1,0
16056,0,0
16057,0,0
16058,8,0
16059,0,0
16060,5,19
16061,9,1
16062,0,0
16063,0,0
16064,37,0
16065,24,0
16066,0,0
16067,4,0
16068,6,4
16069,0,0
16070,0,0
16071,8,0
16072,0,1
16073,3,0
16074,0,0
16075,0,0
16076,0,0
16077,0,5
16078,18,19
16079,2,0
16080,20,0
16081,6,26
16082,21,0
16083,0,0
16084,10,8
16085,3,1
16086,0,0
16087,0,0
16088,10,0
16089,0,12
16090,8,0
16091,4,13
16092,1,0
16093,0,16
16094,0,14
16095,6,6
16096,0,0
16097,3,0
16098,10,32
16099,0,0
16100,0,19
16101,27,18
16102,7,2
16103,12,2
16104,0,0
16105,22,0
16106,1,21
16107,4,0
16108,3,0
16109,26,12
16110,3,10
16111,11,11
16112,9,9
16113,0,17
16114,15,23
16115,4,5
16116,8,19
16117,7,0
16118,20,0
16119,22,31
16120,0,9
16121,0,0
16122,0,13
16123,11,16
16124,7,0
16125,0,0
16126,0,3
16127,0,0
16128,0,7
16129,0,0
16130,11,5
16131,17,5
16132,0,4
16133,2,18
16134,11,8
16135,13,13
16136,0,0
16137,11,0
16138,2,1
16139,0,8
16140,1,8
16141,0,7
16142,22,2
16143,1,0
16144,9,3
16145,2,22
16146,5,5
16147,18,5
16148,17,31
16149,3,1
16150,8,5
16151,0,13
16152,1,4
16153,14,22
16154,8,12
16155,10,23
16156,16,14
16157,2,5
16158,16,2
16159,13,49
16160,12,11
16161,1,0
16162,2,5
16163,6,0
16164,9,0
16165,0,10
16166,0,0
16167,3,0
16168,0,0
16169,0,27
16170,0,4
16171,7,2
16172,0,0
16173,12,0
16174,1,3
16175,0,34
16176,0,0
16177,4,0
16178,0,0
16179,27,4
16180,10,10
16181,10,2
16182,16,2
16183,0,24
16184,18,47
16185,16,8
16186,21,46
16187,27,8
16188,11,6
16189,16,1
16190,12,19
16191,28,63
16192,9,0
16193,23,7
16194,11,0
16195,0,39
16196,9,8
16197,24,8
16198,28,21
16199,19,0
16200,0,14
16201,8,19
16202,4,8
16203,0,4
16204,0,10
16205,14,3
16206,2,0
16207,0,16
16208,0,0
16209,8,0
16210,3,25
16211,5,2
16212,0,22
16213,1,10
16214,0,0
16215,17,0
16216,0,2
16217,5,4
16218,9,0
16219,7,14
16220,8,0
16221,4,36
16222,36,31
16223,7,5
16224,20,0
16225,37,4
16226,11,24
16227,9,28
16228,18,45
16229,0,0
16230,2,3
16231,31,20
16232,35,17
16233,10,22
16234,3,0
16235,0,0
16236,7,40
16237,19,1
16238,0,5
16239,10,26
16240,56,46
16241,27,8
16242,19,36
16243,0,26
16244,2,42
16245,34,16
16246,15,11
16247,10,6
16248,8,22
16249,10,41
16250,16,4
16251,47,67
16252,10,40
16253,11,31
16254,34,41
16255,18,17
16256,3,4
16257,15,30
16258,13,31
16259,37,29
16260,62,24
16261,15,46
16262,33,4
16263,8,7
16264,23,34
16265,5,21
16266,29,24
16267,17,31
16268,25,3
16269,16,0
16270,23,33
16271,13,23
16272,33,6
16273,20,43
16274,15,0
16275,9,10
16276,40,8
16277,47,17
16278,47,5
16279,48,38
16280,34,16
16281,1,18
16282,0,26
16283,18,10
16284,1,28
16285,25,38
16286,0,1
16287,13,8
16288,12,0
16289,18,19
16290,31,0
16291,0,0
16292,6,3
16293,25,23
16294,0,2
16295,15,21
16296,38,12
16297,33,27
16298,3,5
16299,13,4
16300,39,7
16301,16,3
16302,28,5
16303,2,6
16304,14,4
16305,0,5
16306,7,6
16307,0,25
16308,0,7
16309,14,12
16310,12,31
16311,20,31
16312,18,21
16313,0,29
16314,21,12
16315,6,21
16316,10,15
16317,14,17
16318,18,0
16319,11,29
16320,2,3
16321,23,44
16322,4,15
16323,16,18
16324,9,22
16325,3,3
16326,41,24
16327,24,0
16328,22,47
16329,13,39
16330,35,0
16331,59,37
16332,20,38
16333,58,74
16334,31,20
16335,8,1
16336,8,27
16337,20,9
16338,7,16
16339,26,8
16340,6,10
16341,0,1
16342,17,5
16343,1,0
16344,22,4
16345,13,17
16346,0,0
16347,4,15
16348,0,0
16349,10,1
16350,10,33
16351,10,0
16352,20,10
16353,9,18
16354,30,7
16355,8,1
16356,3,2
16357,17,6
16358,16,4
16359,48,22
16360,28,15
16361,0,3
16362,12,12
16363,11,0
16364,11,12
16365,70,57
16366,0,1
16367,8,11
16368,0,4
16369,18,4
16370,19,3
16371,32,2
16372,14,22
16373,1,1
16374,1,30
16375,8,9
16376,29,5
16377,4,13
16378,26,60
16379,5,22
16380,11,0
16381,47,69
16382,14,10
16383,0,0
16384,0,1
16385,10,37
16386,4,26
16387,3,10
16388,22,24
16389,7,8
16390,4,35
16391,33,42
16392,6,5
16393,21,47
16394,7,5
16395,6,1
16396,23,8
16397,11,22
16398,24,60
16399,10,21
16400,0,0
16401,29,2
16402,9,0
16403,22,1
16404,0,4
16405,0,18
16406,2,0
16407,4,8
16408,10,29
16409,0,19
16410,10,0
16411,25,0
16412,7,31
16413,4,12
16414,1,19
16415,3,3
16416,13,14
16417,2,25
16418,0,0
16419,0,3
16420,0,2
16421,0,5
16422,0,0
16423,0,0
16424,1,0
16425,0,3
16426,3,1
16427,3,0
16428,13,0
16429,0,0
16430,2,7
16431,3,0
16432,11,0
16433,0,0
16434,0,4
16435,9,0
16436,13,1
16437,2,8
16438,15,0
16439,0,0
16440,19,6
16441,9,0
16442,33,47
16443,0,3
16444,14,7
16445,7,21
16446,0,0
16447,18,11
16448,0,3
16449,0,7
16450,4,6
16451,2,0
16452,7,17
16453,10,2
16454,14,14
16455,7,2
16456,20,1
16457,6,2
16458,0,0
16459,9,21
16460,31,61
16461,52,105
16462,18,12
16463,25,26
16464,23,31
16465,17,15
16466,16,27
16467,23,33
16468,27,17
16469,17,0
16470,0,0
16471,22,20
16472,1,14
16473,44,63
16474,23,65
16475,16,20
16476,30,27
16477,8,12
16478,93,46
16479,18,23
16480,37,19
16481,15,0
16482,6,11
16483,1,12
16484,8,1
16485,6,15
16486,2,2
16487,0,0
16488,16,18
16489,7,9
16490,13,15
16491,5,0
16492,6,32
16493,19,20
16494,26,16
16495,9,0
16496,0,0
16497,27,0
16498,19,28
16499,6,2
16500,0,0
16501,7,29
16502,11,0
16503,0,0
16504,0,0
16505,0,23
16506,0,8
16507,2,0
16508,3,0
16509,2,1
16510,0,0
16511,0,0
16512,0,0
16513,0,2
16514,0,1
16515,0,0
16516,0,0
16517,7,33
16518,13,0
16519,0,19
16520,5,0
16521,0,0
16522,1,33
16523,13,14
16524,8,0
16525,2,0
16526,1,28
16527,6,4
16528,7,0
16529,2,0
16530,2,0
16531,6,7
16532,0,7
16533,0,0
16534,0,0
16535,5,0
16536,0,0
16537,8,0
16538,0,2
16539,0,0
16540,25,62
16541,25,10
16542,58,27
16543,4,42
16544,0,4
16545,40,28
16546,20,23
16547,13,36
16548,28,18
16549,20,24
16550,18,13
16551,3,1
16552,26,1
16553,9,6
16554,31,13
16555,47,60
16556,18,3
16557,44,4
16558,6,9
16559,43,12
16560,5,19
16561,26,25
16562,27,8
16563,13,37
16564,9,10
16565,61,42
16566,11,0
16567,20,52
16568,19,1
16569,17,7
16570,0,0
16571,37,18
16572,43,15
16573,23,0
16574,53,101
16575,0,3
16576,12,12
16577,7,22
16578,1,0
16579,10,13
16580,4,7
16581,4,4
16582,11,34
16583,4,6
16584,9,28
16585,44,78
16586,15,21
16587,2,30
16588,13,0
16589,0,16
16590,21,20
16591,20,11
16592,9,10
16593,16,7
16594,15,12
16595,32,11
16596,15,0
16597,32,51
16598,38,77
16599,17,0
16600,6,0
16601,15,0
16602,93,91
16603,12,0
16604,11,8
16605,127,182
16606,0,16
16607,8,23
16608,19,0
16609,1,2
16610,7,26
16611,8,0
16612,0,6
16613,39,45
16614,17,12
16615,36,28
16616,1,1
16617,17,66
16618,13,11
16619,3,16
16620,26,24
16621,25,21
16622,6,13
16623,25,57
16624,6,4
16625,5,0
16626,0,9
16627,7,13
16628,0,0
16629,4,9
16630,11,3
16631,27,21
16632,0,0
16633,0,0
16634,26,8
16635,1,2
16636,3,19
16637,4,0
16638,24,24
16639,13,8
16640,0,1
16641,99,90
16642,12,6
16643,17,28
16644,71,76
16645,4,26
16646,7,18
16647,19,53
16648,82,92
16649,2,5
16650,35,36
16651,22,61
16652,27,38
16653,36,106
16654,28,12
16655,32,7
16656,9,16
16657,24,29
16658,9,13
16659,16,40
16660,0,0
16661,1,0
16662,7,3
16663,4,0
16664,13,58
16665,0,5
16666,0,0
16667,4,8
16668,11,40
16669,27,68
16670,10,10
16671,0,0
16672,0,5
16673,0,1
16674,0,0
16675,4,4
16676,5,3
16677,0,0
16678,1,19
16679,0,0
16680,2,19
16681,0,2
16682,15,16
16683,6,13
16684,4,0
16685,9,0
16686,23,36
16687,25,21
16688,6,46
16689,12,11
16690,4,9
16691,21,17
16692,0,10
16693,0,0
16694,9,20
16695,11,3
16696,2,3
16697,16,30
16698,0,0
16699,1,12
16700,59,65
16701,27,23
16702,10,24
16703,56,78
16704,5,8
16705,79,104
16706,5,0
16707,62,158
16708,30,29
16709,173,318
16710,39,78
16711,24,4
16712,41,59
16713,26,66
16714,11,19
16715,142,265
16716,3,25
16717,11,34
16718,44,67
16719,5,9
16720,59,108
16721,18,6
16722,39,50
16723,4,0
16724,14,8
16725,3,1
16726,38,117
16727,0,4
16728,9,10
16729,26,3
16730,0,0
16731,51,96
16732,51,90
16733,63,43
16734,103,125
16735,225,318
16736,8,4
16737,26,71
16738,211,228
16739,76,186
16740,6,0
16741,48,45
16742,1,0
16743,17,18
16744,0,32
16745,0,0
16746,37,47
16747,0,0
16748,95,75
16749,25,42
16750,88,115
16751,0,0
16752,0,0
16753,17,13
16754,34,24
16755,8,22
16756,0,0
16757,85,75
16758,52,70
16759,2,7
16760,247,222
16761,150,262
16762,32,30
16763,315,373
16764,34,47
16765,56,49
16766,84,79
16767,74,120
16768,46,50
16769,170,130
16770,188,301
16771,113,129
16772,176,143
16773,65,122
16774,78,24
16775,42,109
16776,10,17
16777,94,120
16778,102,154
16779,37,70
16780,147,168
16781,86,92
16782,243,346
16783,31,32
16784,122,199
16785,235,199
16786,80,87
16787,82,153
16788,124,162
16789,161,394
16790,133,183
16791,231,291
16792,63,79
16793,22,6
16794,103,196
16795,195,227
16796,97,99
16797,193,216
16798,171,296
16799,21,25
16800,2490,2930
16801,926,1229
16802,1927,2483
16803,1393,1914
16804,2120,3138
16805,975,1284
16806,2263,2530
16807,879,1026
16808,1572,2160
16809,1125,1416
16810,838,1073
16811,1142,1692
16812,1578,1856
16813,574,745
16814,734,942
16815,1041,1226
16816,1253,1610
16817,1717,1978
16818,1394,1665
16819,1549,1796
16820,629,594
16821,239,330
16822,171,285
16823,355,514
16824,859,893
16825,384,476
16826,350,301
16827,68,125
16828,113,155
16829,257,370
16830,113,142
16831,785,1253
16832,296,254
16833,363,440
16834,673,663
16835,289,424
16836,239,303
16837,343,371
16838,225,177
16839,542,575
16840,894,1290
16841,887,952
16842,319,577
16843,803,1214
16844,688,913
16845,541,944
16846,473,791
16847,214,337
16848,377,525
16849,764,829
16850,692,860
16851,357,550
16852,488,489
16853,381,644
16854,565,613
16855,499,511
16856,432,553
16857,395,529
16858,635,747
16859,1108,1712
16860,671,1020
16861,242,317
16862,121,222
16863,284,347
16864,408,374
16865,478,512
16866,1816,2481
16867,171,182
16868,835,1344
16869,272,374
16870,348,492
16871,1240,1314
16872,310,505
16873,570,710
16874,732,846
16875,465,513
16876,745,864
16877,287,192
16878,765,866
16879,781,904
16880,191,186
16881,151,299
16882,171,173
16883,80,143
16884,182,295
16885,260,323
16886,301,294
16887,547,605
16888,196,285
16889,486,561
16890,157,291
16891,208,406
16892,98,165
16893,196,346
16894,457,436
16895,21,70
16896,56,65
16897,340,467
16898,897,1142
16899,311,364
16900,12,0
16901,2,4
16902,7,19
16903,10,10
16904,8,10
16905,419,771
16906,14,22
16907,29,0
16908,3,12
16909,10,13
16910,6,1
16911,1,0
16912,0,0
16913,6,11
16914,0,10
16915,16,15
16916,1,1
16917,8,17
16918,3,1
16919,3,5
16920,99,193
16921,45,26
16922,0,3
16923,38,76
16924,351,407
16925,455,552
16926,742,975
16927,76,85
16928,64,38
16929,35,27
16930,0,1
16931,228,309
16932,5,0
16933,14,6
16934,56,48
16935,20,0
16936,34,73
16937,668,832
16938,156,149
16939,39,23
16940,224,265
16941,1112,1505
16942,207,274
16943,457,724
16944,462,527
16945,535,942
16946,83,140
16947,577,795
16948,40,54
16949,220,278
16950,244,395
16951,475,522
16952,585,658
16953,403,509
16954,1498,1449
16955,1036,1262
16956,346,531
16957,265,411
16958,383,435
16959,354,345
16960,7,29
16961,166,179
16962,82,134
16963,128,115
16964,185,380
16965,8,117
16966,19,26
16967,29,47
16968,88,163
16969,446,514
16970,650,807
16971,192,117
16972,156,226
16973,505,545
16974,846,1084
16975,1053,1142
16976,549,483
16977,484,521
16978,157,107
16979,5,5
16980,0,0
16981,917,1264
16982,4,15
16983,37,28
16984,11,5
16985,0,0
16986,17,1
16987,4,3
16988,0,2
16989,9,27
16990,0,0
16991,0,0
16992,0,0
16993,4,0
16994,1,0
16995,0,0
16996,18,0
16997,4,3
16998,7,0
16999,17,6
17000,9,7
17001,32,63
17002,631,866
17003,0,15
17004,10,12
17005,5,3
17006,0,7
17007,0,0
17008,523,595
17009,22,0
17010,0,0
17011,0,24
17012,0,2
17013,5,1
17014,0,0
17015,0,3
17016,0,0
17017,3,0
17018,7,0
17019,0,4
17020,873,1229
17021,1916,2296
17022,490,703
17023,954,1135
17024,385,300
17025,3262,3915
17026,72,35
17027,2224,2782
17028,294,438
17029,2632,2888
17030,843,974
17031,1271,1658
17032,346,356
17033,1896,2475
17034,82,101
17035,1409,1525
17036,500,550
17037,1530,2060
17038,151,215
17039,4,29
17040,10,34
17041,14,35
17042,18,14
17043,36,22
17044,19,22
17045,15,3
17046,0,0
17047,1,27
17048,17,7
17049,153,228
17050,1,15
17051,15,4
17052,14,13
17053,17,2
17054,31,46
17055,976,1358
17056,0,0
17057,3,13
17058,9,0
17059,6,0
17060,33,1
17061,24,5
17062,0,4
17063,4,1
17064,7,0
17065,0,0
17066,0,32
17067,7,1
17068,0,0
17069,362,510
17070,4,0
17071,0,1
17072,0,27
17073,12,0
17074,0,18
17075,3,0
17076,170,184
17077,8,0
17078,1,12
17079,3,1
17080,485,752
17081,6,31
17082,13,27
17083,0,0
17084,347,409
17085,1704,2068
17086,1716,2663
17087,643,1071
17088,1167,1280
17089,216,361
17090,0,1
17091,617,832
17092,21,15
17093,41,7
17094,7,0
17095,4,6
17096,0,0
17097,1573,2388
17098,298,269
17099,3,0
17100,41,77
17101,28,13
17102,2,3
17103,10,35
17104,78,34
17105,8,4
17106,118,202
17107,100,167
17108,87,151
17109,3,12
17110,3,2
17111,229,344
17112,0,0
17113,0,0
17114,0,18
17115,0,45
17116,0,0
17117,123,195
17118,10,11
17119,6,7
17120,386,548
17121,121,121
17122,526,364
17123,778,908
17124,46,74
17125,143,135
17126,442,513
17127,67,60
17128,455,651
17129,659,590
17130,177,273
17131,236,329
17132,150,227
17133,32,82
17134,295,269
17135,375,511
17136,159,276
17137,122,93
17138,438,587
17139,601,600
17140,279,354
17141,1084,1731
17142,1774,2535
17143,213,375
17144,564,691
17145,11,27
17146,854,1126
17147,526,500
17148,418,518
17149,361,451
17150,250,404
17151,960,1239
17152,88,89
17153,32,163
17154,427,301
17155,417,436
17156,243,201
17157,595,729
17158,513,515
17159,699,842
17160,515,468
17161,592,831
17162,832,1154
17163,165,261
17164,294,427
17165,1293,1863
17166,1192,1621
17167,694,995
17168,981,1209
17169,614,679
17170,420,570
17171,1172,1299
17172,119,163
17173,1153,1236
17174,342,404
17175,735,1025
17176,638,752
17177,906,877
17178,932,1201
17179,2082,2604
17180,319,486
17181,141,143
17182,1260,1622
17183,124,152
17184,385,722
17185,238,284
17186,449,411
17187,268,205
17188,530,543
17189,158,108
17190,407,441
17191,529,539
17192,91,131
17193,46,93
17194,93,80
17195,341,400
17196,92,32
17197,390,531
17198,231,222
17199,249,394
17200,124,143
17201,225,332
17202,250,368
17203,120,64
17204,189,176
17205,251,314
17206,204,430
17207,507,545
17208,652,842
17209,114,141
17210,6,6
17211,327,402
17212,18,29
17213,77,18
17214,116,81
17215,34,67
17216,34,2
17217,267,407
17218,316,411
17219,417,388
17220,0,0
17221,0,0
17222,4,1
17223,0,0
17224,1,2
17225,6,1
17226,0,0
17227,0,0
17228,2,0
17229,0,0
17230,0,0
17231,0,0
17232,0,0
17233,0,0
17234,0,0
17235,10,0
17236,0,0
17237,10,0
17238,0,0
17239,0,0
17240,0,0
17241,6,0
17242,1,0
17243,0,0
17244,0,0
17245,0,0
17246,0,0
17247,0,0
17248,0,0
17249,0,0
17250,0,0
17251,0,0
17252,14,0
17253,0,16
17254,0,0
17255,0,0
17256,0,0
17257,0,0
17258,0,0
17259,0,4
17260,20,0
17261,0,1
17262,0,10
17263,1,5
17264,2,0
17265,0,0
17266,2,0
17267,0,6
17268,0,0
17269,0,0
17270,1,0
17271,2,0
17272,0,0
17273,0,13
17274,0,16
17275,0,6
17276,0,0
17277,0,2
17278,0,0
17279,0,0
17280,0,0
17281,0,22
17282,0,0
17283,0,19
17284,9,0
17285,24,0
17286,0,0
17287,0,3
17288,0,4
17289,0,0
17290,0,0
17291,7,2
17292,0,0
17293,0,0
17294,0,8
17295,0,0
17296,0,0
17297,0,0
17298,0,0
17299,0,0
17300,7,4
17301,0,0
17302,0,0
17303,6,0
17304,15,0
17305,0,28
17306,0,0
17307,0,0
17308,0,0
17309,0,0
17310,0,0
17311,16,0
17312,11,0
17313,0,0
17314,0,0
17315,0,0
17316,0,0
17317,0,0
17318,17,0
17319,0,2
17320,4,0
17321,0,0
17322,0,0
17323,0,0
17324,0,1
17325,1,0
17326,0,0
17327,0,0
17328,0,0
17329,0,0
17330,0,1
17331,2,0
17332,0,0
17333,0,0
17334,0,0
17335,9,0
17336,0,0
17337,0,0
17338,0,0
17339,0,0
17340,1,0
17341,4,1
17342,0,19
17343,0,37
17344,0,0
17345,7,0
17346,0,0
17347,5,0
17348,0,0
17349,0,0
17350,0,0
17351,0,10
17352,0,8
17353,0,2
17354,0,0
17355,6,0
17356,0,0
17357,9,0
17358,0,0
17359,12,0
17360,0,0
17361,0,0
17362,1,0
17363,2,0
17364,64,3
17365,1,18
17366,0,2
17367,9,0
17368,0,0
17369,0,14
17370,2,0
17371,7,69
17372,0,0
17373,0,2
17374,0,0
17375,2,0
17376,1,0
17377,3,0
17378,0,0
17379,6,8
17380,0,13
17381,21,23
17382,6,41
17383,1,39
17384,0,2
17385,4,16
17386,5,27
17387,19,16
17388,22,16
17389,28,4
17390,16,12
17391,27,11
17392,14,0
17393,13,21
17394,0,38
17395,8,2
17396,0,20
17397,8,0
17398,13,15
17399,0,0
17400,0,10
17401,7,2
17402,50,86
17403,17,31
17404,18,69
17405,33,39
17406,2,2
17407,24,6
17408,18,23
17409,32,99
17410,63,0
17411,13,50
17412,8,10
17413,25,32
17414,80,15
17415,31,29
17416,24,27
17417,0,0
17418,29,5
17419,2,22
17420,16,1
17421,17,4
17422,7,0
17423,0,0
17424,9,0
17425,0,0
17426,5,0
17427,5,23
17428,38,7
17429,0,7
17430,0,1
17431,9,29
17432,12,52
17433,11,9
17434,9,0
17435,50,26
17436,4,1
17437,31,6
17438,3,0
17439,24,9
17440,18,10
17441,3,0
17442,1,0
17443,2,0
17444,0,15
17445,0,15
17446,0,1
17447,2,3
17448,0,0
17449,6,0
17450,5,0
17451,0,7
17452,0,0
17453,2,4
17454,5,0
17455,9,2
17456,2,0
17457,5,8
17458,15,0
17459,0,31
17460,8,0
17461,0,6
17462,0,10
17463,0,0
17464,0,0
17465,1,0
17466,8,43
17467,6,10
17468,0,0
17469,1,0
17470,0,0
17471,0,9
17472,2,0
17473,0,0
17474,0,0
17475,12,0
17476,0,0
17477,5,0
17478,1,0
17479,13,0
17480,53,33
17481,6,1
17482,24,61
17483,0,0
17484,42,4
17485,0,7
17486,11,3
17487,4,0
17488,1,8
17489,4,21
17490,19,42
17491,0,67
17492,6,56
17493,7,0
17494,31,14
17495,5,46
17496,0,10
17497,14,0
17498,20,2
17499,0,17
17500,0,0
17501,0,0
17502,0,0
17503,0,0
17504,0,0
17505,0,0
17506,0,0
17507,0,0
17508,0,0
17509,0,0
17510,0,0
17511,0,0
17512,0,0
17513,0,0
17514,0,0
17515,0,0
17516,0,0
17517,0,0
17518,0,0
17519,0,0
17520,18,0
17521,0,0
17522,0,6
17523,0,0
17524,0,0
17525,0,0
17526,0,0
17527,0,0
17528,1,0
17529,6,0
17530,14,0
17531,13,0
17532,0,12
17533,0,5
17534,0,29
17535,0,0
17536,0,0
17537,10,0
17538,0,0
17539,1,1
17540,0,0
17541,0,31
17542,4,12
17543,0,0
17544,0,33
17545,4,0
17546,11,0
17547,10,26
17548,0,23
17549,0,0
17550,0,0
17551,2,0
17552,0,0
17553,12,22
17554,0,10
17555,0,1
17556,3,0
17557,0,7
17558,9,0
17559,0,2
17560,19,37
17561,1,0
17562,0,0
17563,0,1
17564,2,32
17565,0,2
17566,2,21
17567,7,11
17568,0,0
17569,0,4
17570,3,0
17571,15,0
17572,17,0
17573,0,0
17574,0,0
17575,0,0
17576,0,0
17577,0,0
17578,0,0
17579,15,0
17580,14,13
17581,0,0
17582,6,5
17583,14,0
17584,0,3
17585,36,15
17586,19,0
17587,14,21
17588,13,3
17589,17,2
17590,4,0
17591,24,0
17592,19,22
17593,2,0
17594,0,19
17595,5,57
17596,6,13
17597,0,0
17598,1,0
17599,0,7
17600,1,0
17601,84,0
17602,0,0
17603,0,6
17604,0,0
17605,0,16
17606,21,9
17607,19,28
17608,0,8
17609,0,11
17610,6,17
17611,4,31
17612,0,0
17613,0,0
17614,5,6
17615,25,0
17616,0,0
17617,0,40
17618,6,12
17619,0,0
17620,14,0
17621,18,3
17622,22,55
17623,14,0
17624,41,32
17625,2,16
17626,1,6
17627,6,29
17628,21,44
17629,9,0
17630,31,1
17631,66,5
17632,22,7
17633,11,88
17634,0,1
17635,0,2
17636,39,2
17637,18,2
17638,11,19
17639,6,7
17640,6,5
17641,1,76
17642,8,14
17643,25,38
17644,21,18
17645,20,54
17646,3,27
17647,21,9
17648,28,31
17649,29,10
17650,2,2
17651,7,82
17652,21,20
17653,55,2
17654,12,5
17655,1,1
17656,31,0
17657,6,6
17658,1,9
17659,11,40
17660,9,28
17661,26,39
17662,0,25
17663,40,12
17664,8,7
17665,21,10
17666,30,21
17667,44,34
17668,21,16
17669,36,45
17670,0,0
17671,31,10
17672,9,11
17673,6,86
17674,13,27
17675,38,0
17676,16,1
17677,64,105
17678,42,3
17679,24,27
17680,0,0
17681,2,0
17682,14,0
17683,0,0
17684,9,41
17685,0,0
17686,0,6
17687,0,0
17688,1,13
17689,5,0
17690,0,0
17691,5,22
17692,8,1
17693,0,0
17694,15,0
17695,0,0
17696,7,0
17697,14,0
17698,13,0
17699,0,8
17700,24,46
17701,7,22
17702,28,16
17703,28,42
17704,21,47
17705,15,14
17706,1,0
17707,36,0
17708,42,9
17709,8,6
17710,8,8
17711,9,15
17712,1,11
17713,20,0
17714,3,5
17715,22,7
17716,8,34
17717,51,68
17718,0,0
17719,5,25
17720,0,29
17721,0,0
17722,0,0
17723,6,15
17724,0,0
17725,4,12
17726,0,0
17727,8,0
17728,0,0
17729,0,0
17730,2,2
17731,6,17
17732,0,0
17733,0,7
17734,0,0
17735,0,0
17736,0,0
17737,0,2
17738,0,31
17739,0,0
17740,0,0
17741,15,0
17742,4,0
17743,0,0
17744,0,0
17745,0,7
17746,0,0
17747,1,0
17748,1,0
17749,0,0
17750,0,0
17751,0,0
17752,0,0
17753,0,0
17754,23,20
17755,0,0
17756,0,0
17757,0,0
17758,0,0
17759,0,0
17760,0,0
17761,1,0
17762,0,0
17763,61,36
17764,0,0
17765,3,0
17766,12,3
17767,0,0
17768,2,0
17769,0,31
17770,11,0
17771,0,0
17772,5,0
17773,0,4
17774,0,0
17775,0,25
17776,15,0
17777,9,7
17778,0,3
17779,0,0
17780,5,0
17781,0,0
17782,0,0
17783,0,0
17784,10,7
17785,0,0
17786,0,0
17787,0,0
17788,0,0
17789,0,0
17790,0,0
17791,0,0
17792,0,0
17793,0,0
17794,0,0
17795,0,0
17796,0,0
17797,0,0
17798,1,0
17799,2,0
17800,12,0
17801,0,4
17802,9,0
17803,0,7
17804,0,0
17805,0,0
17806,0,0
17807,8,0
17808,6,5
17809,0,0
17810,1,0
17811,7,0
17812,0,0
17813,0,4
17814,0,6
17815,1,0
17816,0,21
17817,0,0
17818,0,0
17819,0,0
17820,21,0
17821,6,3
17822,0,0
17823,0,0
17824,0,0
17825,0,0
17826,5,0
17827,11,2
17828,2,4
17829,0,0
17830,11,0
17831,0,0
17832,0,43
17833,0,0
17834,4,0
17835,2,7
17836,0,0
17837,0,19
17838,17,2
17839,0,0
17840,3,0
17841,1,22
17842,1,0
17843,1,0
17844,3,15
17845,0,16
17846,0,0
17847,0,0
17848,21,0
17849,4,4
17850,0,0
17851,8,7
17852,0,0
17853,0,0
17854,0,0
17855,13,0
17856,0,0
17857,0,1
17858,33,1
17859,0,0
17860,0,6
17861,0,0
17862,14,1
17863,4,0
17864,24,0
17865,0,0
17866,1,0
17867,11,2
17868,0,16
17869,0,0
17870,0,0
17871,1,0
17872,0,0
17873,0,0
17874,0,0
17875,0,0
17876,13,23
17877,32,0
17878,16,0
17879,3,2
17880,4,0
17881,0,22
17882,0,0
17883,0,0
17884,0,0
17885,14,0
17886,0,0
17887,0,0
17888,14,0
17889,0,0
17890,7,19
17891,3,0
17892,0,0
17893,0,0
17894,0,0
17895,0,13
17896,0,0
17897,0,4
17898,5,8
17899,10,7
17900,13,0
17901,0,0
17902,0,0
17903,0,0
17904,1,0
17905,0,0
17906,0,0
17907,0,29
17908,0,0
17909,0,0
17910,15,7
17911,31,0
17912,0,20
17913,0,0
17914,0,0
17915,0,0
17916,0,0
17917,0,0
17918,2,6
17919,0,0
17920,1,6
17921,0,9
17922,18,21
17923,10,0
17924,0,0
17925,0,23
17926,0,1
17927,2,4
17928,0,0
17929,0,0
17930,0,0
17931,0,0
17932,6,0
17933,0,46
17934,5,29
17935,0,0
17936,0,0
17937,0,0
17938,9,0
17939,0,4
17940,2,8
17941,2,0
17942,1,0
17943,0,0
17944,0,0
17945,16,8
17946,0,0
17947,0,0
17948,20,0
17949,0,0
17950,0,0
17951,0,7
17952,7,11
17953,0,0
17954,0,0
17955,1,0
17956,0,0
17957,0,0
17958,0,0
17959,14,0
17960,1,0
17961,17,0
17962,15,29
17963,24,0
17964,6,0
17965,1,1
17966,11,0
17967,4,0
17968,16,0
17969,2,0
17970,5,0
17971,2,0
17972,0,0
17973,0,0
17974,0,0
17975,0,3
17976,0,0
17977,0,0
17978,4,0
17979,2,0
17980,18,4
17981,0,0
17982,4,5
17983,0,17
17984,0,0
17985,0,7
17986,5,0
17987,12,7
17988,7,31
17989,0,0
17990,18,0
17991,0,14
17992,0,0
17993,16,0
17994,6,49
17995,19,6
17996,0,15
17997,9,23
17998,5,0
17999,5,0
18000,0,34
18001,1,0
18002,24,23
18003,17,0
18004,0,8
18005,0,0
18006,30,3
18007,0,43
18008,0,0
18009,0,0
18010,0,0
18011,5,10
18012,0,0
18013,8,0
18014,18,0
18015,0,0
18016,0,0
18017,1,0
18018,0,7
18019,1,15
18020,52,78
18021,14,30
18022,16,0
18023,12,0
18024,17,0
18025,0,0
18026,5,0
18027,0,21
18028,2,26
18029,1,0
18030,7,7
18031,17,0
18032,0,0
18033,13,0
18034,0,3
18035,16,19
18036,0,0
18037,17,29
18038,0,9
18039,27,0
18040,4,2
18041,13,20
18042,2,15
18043,15,0
18044,32,5
18045,28,34
18046,14,14
18047,4,15
18048,12,0
18049,0,0
18050,0,20
18051,24,34
18052,0,13
18053,7,0
18054,0,17
18055,3,3
18056,4,0
18057,0,0
18058,34,0
18059,4,16
18060,0,0
18061,12,0
18062,15,27
18063,0,4
18064,26,2
18065,13,0
18066,1,16
18067,26,0
18068,12,7
18069,13,35
18070,5,0
18071,6,0
18072,7,10
18073,3,8
18074,0,0
18075,0,0
18076,14,0
18077,10,31
18078,0,5
18079,49,15
18080,28,20
18081,19,63
18082,0,31
18083,0,19
18084,8,0
18085,37,1
18086,40,0
18087,0,0
18088,0,4
18089,0,8
18090,17,0
18091,3,7
18092,14,18
18093,0,0
18094,14,0
18095,11,8
18096,1,0
18097,20,7
18098,38,30
18099,4,60
18100,0,14
18101,0,17
18102,28,0
18103,2,35
18104,0,0
18105,0,4
18106,12,0
18107,1,0
18108,0,1
18109,0,1
18110,3,14
18111,0,0
18112,0,0
18113,0,0
18114,0,0
18115,0,3
18116,0,0
18117,0,1
18118,8,0
18119,21,0
18120,12,52
18121,0,4
18122,16,2
18123,0,5
18124,0,1
18125,4,10
18126,0,0
18127,0,0
18128,0,0
18129,0,0
18130,0,0
18131,0,0
18132,0,0
18133,0,0
18134,0,0
18135,0,0
18136,1,16
18137,0,0
18138,12,10
18139,5,0
18140,4,16
18141,0,121
18142,8,39
18143,15,6
18144,4,2
18145,7,14
18146,13,5
18147,2,7
18148,27,0
18149,26,29
18150,18,7
18151,26,11
18152,24,0
18153,0,5
18154,1,3
18155,22,38
18156,0,2
18157,4,23
18158,38,15
18159,0,0
18160,19,45
18161,4,0
18162,0,14
18163,23,8
18164,0,0
18165,0,0
18166,4,5
18167,0,2
18168,16,0
18169,1,0
18170,15,0
18171,0,0
18172,1,0
18173,0,16
18174,29,0
18175,0,9
18176,0,6
18177,19,6
18178,0,2
18179,0,62
18180,0,0
18181,1,1
18182,2,0
18183,0,25
18184,15,0
18185,8,0
18186,0,0
18187,61,9
18188,0,0
18189,5,0
18190,0,0
18191,1,0
18192,19,0
18193,26,16
18194,0,0
18195,9,15
18196,1,0
18197,0,0
18198,0,2
18199,2,0
18200,3,1
18201,0,0
18202,12,12
18203,0,0
18204,0,0
18205,0,0
18206,0,0
18207,1,0
18208,5,6
18209,0,0
18210,0,0
18211,1,0
18212,0,0
18213,0,0
18214,0,1
18215,0,0
18216,0,0
18217,6,14
18218,0,0
18219,0,11
18220,10,20
18221,0,0
18222,6,0
18223,10,0
18224,0,0
18225,3,0
18226,0,6
18227,26,0
18228,36,0
18229,0,0
18230,1,9
18231,0,19
18232,0,7
18233,0,0
18234,0,0
18235,2,7
18236,19,0
18237,0,76
18238,0,0
18239,3,28
18240,0,0
18241,0,12
18242,0,0
18243,0,1
18244,0,0
18245,0,0
18246,0,0
18247,0,0
18248,0,0
18249,0,0
18250,0,0
18251,21,0
18252,0,0
18253,0,6
18254,21,0
18255,0,1
18256,0,0
18257,27,0
18258,0,0
18259,0,0
18260,6,46
18261,3,23
18262,1,0
18263,0,1
18264,7,10
18265,4,7
18266,3,0
18267,0,0
18268,39,19
18269,8,7
18270,5,17
18271,14,1
18272,1,12
18273,4,14
18274,24,0
18275,4,0
18276,0,0
18277,3,0
18278,1,5
18279,6,19
18280,11,0
18281,0,0
18282,0,0
18283,0,0
18284,9,0
18285,1,1
18286,3,0
18287,0,0
18288,0,11
18289,2,17
18290,0,0
18291,11,0
18292,0,6
18293,0,0
18294,0,0
18295,0,0
18296,0,0
18297,0,0
18298,0,0
18299,4,0
18300,0,14
18301,0,0
18302,0,0
18303,0,0
18304,0,15
18305,0,0
18306,0,0
18307,0,0
18308,0,0
18309,0,0
18310,0,1
18311,14,0
18312,0,0
18313,0,0
18314,0,0
18315,0,0
18316,0,3
18317,7,0
18318,0,0
18319,0,0
18320,18,0
18321,0,0
18322,8,4
18323,0,0
18324,0,19
18325,9,0
18326,0,2
18327,0,0
18328,0,0
18329,0,0
18330,0,0
18331,0,0
18332,0,4
18333,0,0
18334,0,43
18335,0,0
18336,0,0
18337,0,13
18338,0,0
18339,0,0
18340,2,0
18341,0,16
18342,0,0
18343,0,0
18344,0,2
18345,30,0
18346,0,12
18347,6,1
18348,0,0
18349,1,0
18350,0,0
18351,0,0
18352,0,0
18353,0,0
18354,0,6
18355,0,1
18356,1,0
18357,1,0
18358,0,0
18359,10,0
18360,10,0
18361,0,0
18362,0,0
18363,0,0
18364,0,0
18365,0,0
18366,0,0
18367,0,0
18368,0,0
18369,0,0
18370,0,0
18371,0,0
18372,0,0
18373,0,0
18374,0,0
18375,0,0
18376,0,0
18377,0,0
18378,0,0
18379,0,0
18380,0,24
18381,3,24
18382,20,23
18383,0,0
18384,25,0
18385,0,0
18386,5,0
18387,8,0
18388,2,0
18389,14,2
18390,12,7
18391,0,0
18392,0,14
18393,0,11
18394,4,0
18395,13,1
18396,0,3
18397,12,0
18398,5,0
18399,1,11
18400,15,8
18401,0,15
18402,31,23
18403,0,0
18404,0,36
18405,13,20
18406,22,0
18407,3,7
18408,22,0
18409,0,0
18410,0,0
18411,22,0
18412,0,0
18413,0,7
18414,23,63
18415,12,28
18416,5,0
18417,0,0
18418,34,23
18419,0,1
18420,0,0
18421,0,1
18422,0,7
18423,32,0
18424,9,0
18425,0,0
18426,0,0
18427,6,0
18428,2,0
18429,17,2
18430,12,0
18431,0,24
18432,7,0
18433,0,0
18434,0,0
18435,4,5
18436,27,0
18437,0,0
18438,2,0
18439,10,19
18440,1,0
18441,7,0
18442,33,19
18443,34,13
18444,1,0
18445,0,0
18446,5,0
18447,1,0
18448,18,15
18449,12,2
18450,2,0
18451,12,3
18452,0,0
18453,5,0
18454,0,27
18455,9,0
18456,0,0
18457,7,4
18458,7,9
18459,14,9
18460,4,0
18461,0,28
18462,4,1
18463,23,0
18464,0,1
18465,1,0
18466,1,32
18467,2,0
18468,11,0
18469,0,0
18470,0,0
18471,0,0
18472,0,0
18473,13,1
18474,11,0
18475,0,0
18476,0,0
18477,0,0
18478,0,0
18479,3,0
18480,30,22
18481,0,0
18482,0,0
18483,7,18
18484,6,6
18485,20,57
18486,6,13
18487,9,47
18488,15,4
18489,10,10
18490,0,0
18491,8,1
18492,8,14
18493,11,0
18494,0,0
18495,47,0
18496,3,23
18497,26,26
18498,0,0
18499,2,4
18500,0,14
18501,0,0
18502,0,0
18503,4,0
18504,0,1
18505,0,6
18506,0,0
18507,4,21
18508,0,0
18509,0,0
18510,0,0
18511,0,15
18512,1,0
18513,16,0
18514,0,0
18515,11,0
18516,0,0
18517,0,0
18518,0,0
18519,0,0
18520,1,0
18521,0,0
18522,1,0
18523,0,0
18524,0,0
18525,0,1
18526,0,0
18527,9,13
18528,10,0
18529,9,0
18530,0,0
18531,0,0
18532,2,0
18533,15,0
18534,7,4
18535,13,0
18536,0,0
18537,0,27
18538,4,23
18539,7,0
18540,0,0
18541,0,6
18542,0,0
18543,0,0
18544,0,0
18545,0,0
18546,0,0
18547,0,0
18548,0,0
18549,0,0
18550,0,0
18551,0,0
18552,0,0
18553,0,0
18554,0,0
18555,0,0
18556,0,0
18557,0,0
18558,25,0
18559,18,0
18560,23,1
18561,51,16
18562,25,3
18563,13,41
18564,27,4
18565,4,20
18566,0,0
18567,30,27
18568,29,7
18569,0,19
18570,4,20
18571,4,25
18572,2,0
18573,0,6
18574,0,18
18575,8,12
18576,7,6
18577,2,32
18578,24,21
18579,5,0
18580,43,31
18581,55,2
18582,38,1
18583,0,6
18584,7,32
18585,4,0
18586,21,15
18587,28,0
18588,10,12
18589,1,0
18590,6,1
18591,12,11
18592,18,34
18593,7,35
18594,0,0
18595,25,0
18596,1,0
18597,23,35
18598,25,3
18599,21,2
18600,10,0
18601,0,17
18602,49,21
18603,0,1
18604,3,19
18605,4,12
18606,6,9
18607,4,4
18608,17,1
18609,20,0
18610,10,0
18611,0,0
18612,0,0
18613,24,0
18614,0,22
18615,0,0
18616,0,12
18617,0,1
18618,3,0
18619,7,0
18620,0,0
18621,17,0
18622,0,26
18623,0,0
18624,0,2
18625,0,11
18626,0,0
18627,0,0
18628,4,29
18629,0,0
18630,0,0
18631,0,13
18632,0,0
18633,0,0
18634,25,0
18635,0,0
18636,0,0
18637,0,0
18638,0,0
18639,0,0
18640,39,9
18641,17,0
18642,18,0
18643,4,2
18644,54,54
18645,16,31
18646,16,6
18647,0,5
18648,6,11
18649,26,7
18650,20,0
18651,0,23
18652,11,0
18653,0,10
18654,0,0
18655,10,0
18656,4,0
18657,2,16
18658,17,2
18659,31,49
18660,35,1
18661,1,32
18662,5,20
18663,1,10
18664,29,6
18665,21,63
18666,43,11
18667,2,21
18668,16,25
18669,3,24
18670,2,15
18671,0,3
18672,2,68
18673,18,4
18674,0,0
18675,10,8
18676,6,13
18677,1,11
18678,9,0
18679,21,29
18680,0,0
18681,0,0
18682,0,0
18683,0,0
18684,0,0
18685,0,0
18686,0,0
18687,0,0
18688,0,0
18689,0,0
18690,0,0
18691,0,0
18692,0,0
18693,13,0
18694,0,0
18695,0,0
18696,0,0
18697,0,0
18698,0,0
18699,0,0
18700,6,66
18701,27,20
18702,15,23
18703,9,30
18704,50,21
18705,35,86
18706,18,3
18707,26,3
18708,12,62
18709,8,35
18710,0,0
18711,36,11
18712,15,41
18713,14,48
18714,3,20
18715,0,0
18716,7,2
18717,15,24
18718,15,0
18719,13,18
18720,0,0
18721,0,0
18722,0,0
18723,0,0
18724,0,0
18725,0,0
18726,0,0
18727,11,0
18728,0,0
18729,0,0
18730,0,0
18731,0,0
18732,0,0
18733,0,0
18734,0,0
18735,0,0
18736,0,0
18737,0,0
18738,0,0
18739,0,0
18740,9,37
18741,11,55
18742,23,23
18743,0,38
18744,23,10
18745,0,14
18746,13,0
18747,8,3
18748,20,26
18749,8,41
18750,6,19
18751,14,46
18752,11,0
18753,6,0
18754,18,15
18755,0,0
18756,0,0
18757,1,26
18758,1,0
18759,34,68
18760,7,8
18761,8,6
18762,11,0
18763,2,0
18764,0,0
18765,5,0
18766,0,0
18767,0,25
18768,7,14
18769,0,9
18770,0,0
18771,0,13
18772,0,0
18773,0,0
18774,1,16
18775,0,0
18776,0,0
18777,13,13
18778,0,18
18779,18,0
18780,4,0
18781,0,0
18782,4,0
18783,0,0
18784,0,0
18785,0,0
18786,9,13
18787,0,0
18788,2,7
18789,0,0
18790,6,0
18791,0,0
18792,0,0
18793,0,0
18794,12,0
18795,7,12
18796,0,0
18797,3,17
18798,0,0
18799,8,0
18800,0,0
18801,0,0
18802,6,0
18803,0,0
18804,0,22
18805,0,0
18806,2,39
18807,5,0
18808,12,0
18809,0,30
18810,0,0
18811,0,0
18812,0,0
18813,0,0
18814,9,0
18815,0,0
18816,0,8
18817,0,22
18818,14,0
18819,0,13
18820,5,4
18821,1,3
18822,0,0
18823,0,0
18824,0,0
18825,0,0
18826,2,0
18827,0,0
18828,0,2
18829,3,4
18830,0,0
18831,1,0
18832,0,0
18833,4,0
18834,0,0
18835,0,0
18836,0,2
18837,0,0
18838,0,0
18839,0,0
18840,0,10
18841,8,14
18842,19,20
18843,3,1
18844,0,0
18845,8,9
18846,0,0
18847,17,5
18848,9,0
18849,0,0
18850,0,4
18851,6,0
18852,0,0
18853,1,1
18854,0,7
18855,0,13
18856,0,13
18857,2,0
18858,5,0
18859,4,0
18860,0,0
18861,0,0
18862,0,0
18863,0,0
18864,0,0
18865,0,0
18866,0,0
18867,0,0
18868,0,0
18869,0,0
18870,0,0
18871,0,0
18872,0,0
18873,0,0
18874,0,0
18875,0,0
18876,0,0
18877,0,0
18878,0,0
18879,0,0
18880,3,0
18881,2,11
18882,0,17
18883,0,0
18884,2,0
18885,9,0
18886,1,0
18887,0,0
18888,0,10
18889,0,0
18890,0,15
18891,1,0
18892,4,0
18893,2,8
18894,0,0
18895,1,0
18896,16,0
18897,0,1
18898,0,8
18899,0,0
18900,4,0
18901,0,0
18902,7,0
18903,0,0
18904,0,0
18905,0,0
18906,0,0
18907,0,0
18908,0,8
18909,0,0
18910,2,0
18911,0,6
18912,0,0
18913,0,0
18914,0,4
18915,0,0
18916,0,0
18917,0,0
18918,1,0
18919,0,0
18920,12,1
18921,0,16
18922,9,16
18923,34,0
18924,8,10
18925,0,16
18926,12,7
18927,0,3
18928,15,39
18929,0,0
18930,1,26
18931,17,10
18932,41,4
18933,0,0
18934,0,27
18935,21,16
18936,4,15
18937,31,0
18938,18,26
18939,0,0
18940,7,0
18941,10,0
18942,4,8
18943,13,34
18944,0,7
18945,0,0
18946,7,0
18947,20,9
18948,5,1
18949,0,1
18950,0,0
18951,9,0
18952,21,0
18953,9,12
18954,1,12
18955,42,36
18956,6,34
18957,10,0
18958,11,9
18959,2,0
18960,25,10
18961,35,21
18962,0,27
18963,29,36
18964,0,2
18965,2,0
18966,1,0
18967,50,0
18968,19,2
18969,1,16
18970,21,27
18971,0,11
18972,18,5
18973,0,0
18974,14,6
18975,0,0
18976,0,21
18977,1,0
18978,17,1
18979,2,43
18980,48,59
18981,1,1
18982,29,29
18983,25,0
18984,22,22
18985,15,1
18986,52,4
18987,7,9
18988,31,13
18989,10,6
18990,0,17
18991,0,0
18992,10,2
18993,1,17
18994,0,0
18995,3,0
18996,5,11
18997,9,27
18998,0,2
18999,14,16
19000,26,7
19001,19,34
19002,8,1
19003,16,0
19004,19,19
19005,6,110
19006,41,55
19007,16,22
19008,29,46
19009,12,0
19010,20,39
19011,40,68
19012,35,1
19013,25,1
19014,8,1
19015,11,29
19016,26,32
19017,56,30
19018,47,0
19019,16,43
19020,38,13
19021,71,51
19022,3,17
19023,44,22
19024,83,23
19025,8,13
19026,56,26
19027,40,26
19028,23,29
19029,0,4
19030,9,0
19031,52,38
19032,52,12
19033,20,9
19034,3,10
19035,33,16
19036,51,79
19037,5,0
19038,20,7
19039,51,27
19040,9,0
19041,6,14
19042,20,0
19043,4,0
19044,53,52
19045,23,36
19046,9,1
19047,0,25
19048,0,0
19049,11,0
19050,1,4
19051,0,6
19052,1,0
19053,28,0
19054,8,2
19055,9,20
19056,1,3
19057,0,17
19058,14,27
19059,33,3
19060,3,1
19061,62,42
19062,10,13
19063,13,0
19064,7,0
19065,1,0
19066,20,23
19067,0,16
19068,0,0
19069,14,0
19070,5,0
19071,1,0
19072,0,0
19073,0,0
19074,0,12
19075,0,0
19076,0,0
19077,19,0
19078,0,0
19079,0,8
19080,4,3
19081,31,2
19082,1,11
19083,15,5
19084,2,4
19085,7,0
19086,16,8
19087,15,0
19088,26,21
19089,17,0
19090,10,0
19091,1,4
19092,12,22
19093,0,0
19094,14,51
19095,13,4
19096,0,0
19097,8,14
19098,2,9
19099,7,2
19100,0,3
19101,4,0
19102,12,0
19103,0,0
19104,17,21
19105,0,6
19106,0,0
19107,0,0
19108,0,0
19109,17,0
19110,0,0
19111,21,0
19112,0,0
19113,0,0
19114,0,0
19115,0,0
19116,1,0
19117,0,0
19118,0,0
19119,0,0
19120,18,20
19121,41,20
19122,1,0
19123,4,14
19124,2,13
19125,16,41
19126,0,0
19127,21,0
19128,22,14
19129,6,0
19130,8,0
19131,16,0
19132,39,20
19133,15,6
19134,7,21
19135,0,0
19136,0,25
19137,7,31
19138,19,29
19139,11,0
19140,29,0
19141,25,10
19142,0,5
19143,3,3
19144,54,2
19145,0,0
19146,20,7
19147,11,12
19148,2,0
19149,12,6
19150,10,0
19151,18,0
19152,0,5
19153,0,0
19154,8,2
19155,40,68
19156,19,0
19157,0,0
19158,0,26
19159,1,22
19160,5,0
19161,0,10
19162,1,1
19163,0,0
19164,0,0
19165,7,57
19166,5,0
19167,0,6
19168,4,0
19169,0,0
19170,0,0
19171,9,5
19172,0,0
19173,15,0
19174,1,0
19175,2,0
19176,0,28
19177,0,34
19178,10,0
19179,5,0
19180,12,24
19181,0,3
19182,24,27
19183,0,15
19184,4,20
19185,4,0
19186,2,13
19187,8,0
19188,1,0
19189,7,0
19190,20,31
19191,0,28
19192,0,0
19193,4,8
19194,4,0
19195,12,1
19196,8,14
19197,0,0
19198,0,23
19199,17,13
19200,0,0
19201,0,4
19202,10,1
19203,4,0
19204,20,0
19205,8,0
19206,17,0
19207,0,0
19208,0,20
19209,2,33
19210,0,0
19211,0,0
19212,2,3
19213,0,0
19214,0,8
19215,0,0
19216,6,0
19217,0,0
19218,0,0
19219,0,0
19220,0,2
19221,0,0
19222,0,1
19223,10,25
19224,0,0
19225,0,10
19226,10,42
19227,0,11
19228,1,7
19229,8,8
19230,15,0
19231,0,0
19232,0,1
19233,19,0
19234,0,12
19235,3,24
19236,6,0
19237,12,30
19238,0,0
19239,3,0
19240,2,11
19241,0,0
19242,0,0
19243,10,4
19244,5,0
19245,0,2
19246,9,0
19247,3,0
19248,0,11
19249,25,0
19250,8,0
19251,0,21
19252,14,0
19253,0,0
19254,0,0
19255,0,2
19256,7,0
19257,0,0
19258,0,13
19259,0,0
19260,31,0
19261,30,0
19262,0,27
19263,4,0
19264,13,0
19265,4,13
19266,8,0
19267,2,24
19268,5,39
19269,0,0
19270,0,6
19271,3,14
19272,1,0
19273,0,0
19274,5,1
19275,0,0
19276,1,0
19277,5,0
19278,17,10
19279,11,27
19280,0,0
19281,16,0
19282,0,0
19283,2,1
19284,0,7
19285,5,0
19286,17,4
19287,0,0
19288,18,0
19289,0,0
19290,1,0
19291,7,0
19292,1,0
19293,18,0
19294,11,0
19295,1,8
19296,24,0
19297,0,1
19298,27,10
19299,11,38
19300,32,49
19301,10,8
19302,14,36
19303,14,0
19304,0,0
19305,1,0
19306,7,1
19307,7,3
19308,36,17
19309,0,6
19310,43,0
19311,7,0
19312,7,7
19313,10,10
19314,17,5
19315,0,0
19316,25,0
19317,53,50
19318,14,38
19319,19,2
19320,0,0
19321,15,0
19322,8,4
19323,0,25
19324,15,2
19325,0,0
19326,0,0
19327,3,0
19328,5,0
19329,17,1
19330,0,9
19331,9,0
19332,0,0
19333,0,0
19334,0,0
19335,0,23
19336,0,0
19337,21,8
19338,17,61
19339,7,0
19340,5,0
19341,2,0
19342,0,8
19343,0,6
19344,15,0
19345,1,0
19346,0,1
19347,13,0
19348,11,12
19349,0,0
19350,18,0
19351,0,0
19352,0,0
19353,0,0
19354,0,0
19355,0,32
19356,17,3
19357,0,32
19358,16,10
19359,4,19
19360,0,0
19361,0,0
19362,0,0
19363,0,0
19364,0,0
19365,0,0
19366,0,0
19367,0,0
19368,0,0
19369,0,0
19370,0,0
19371,0,0
19372,0,0
19373,0,0
19374,0,0
19375,0,0
19376,0,0
19377,0,0
19378,0,0
19379,0,0
19380,4,32
19381,10,21
19382,59,30
19383,11,6
19384,5,3
19385,21,7
19386,59,9
19387,0,5
19388,3,10
19389,12,0
19390,0,7
19391,8,3
19392,18,14
19393,4,7
19394,26,13
19395,21,21
19396,1,0
19397,0,7
19398,31,37
19399,3,24
19400,13,20
19401,7,0
19402,32,31
19403,0,0
19404,66,5
19405,14,5
19406,0,44
19407,11,16
19408,54,23
19409,17,16
19410,13,58
19411,10,37
19412,4,1
19413,0,20
19414,12,0
19415,11,1
19416,31,22
19417,9,7
19418,17,72
19419,39,24
19420,10,0
19421,17,43
19422,1,24
19423,0,0
19424,0,4
19425,73,10
19426,31,0
19427,36,64
19428,16,18
19429,0,0
19430,0,0
19431,10,0
19432,0,19
19433,15,0
19434,27,18
19435,0,0
19436,0,0
19437,44,54
19438,19,48
19439,6,17
19440,21,0
19441,0,13
19442,18,37
19443,0,8
19444,20,8
19445,18,37
19446,4,3
19447,0,0
19448,14,0
19449,1,0
19450,8,7
19451,2,0
19452,0,0
19453,16,0
19454,8,15
19455,3,0
19456,5,28
19457,1,17
19458,22,14
19459,11,5
19460,0,0
19461,9,24
19462,18,52
19463,0,21
19464,12,0
19465,16,0
19466,28,1
19467,5,70
19468,0,42
19469,22,14
19470,3,0
19471,9,0
19472,0,0
19473,0,7
19474,0,0
19475,0,36
19476,0,8
19477,11,34
19478,32,0
19479,0,46
19480,14,11
19481,1,20
19482,15,1
19483,0,24
19484,0,0
19485,0,7
19486,2,15
19487,11,2
19488,0,26
19489,5,0
19490,6,0
19491,5,2
19492,0,0
19493,31,0
19494,21,0
19495,3,10
19496,1,0
19497,0,0
19498,3,10
19499,2,0
19500,49,14
19501,9,27
19502,33,27
19503,20,64
19504,52,54
19505,22,12
19506,1,8
19507,49,56
19508,24,0
19509,24,0
19510,27,3
19511,8,32
19512,25,26
19513,15,13
19514,18,35
19515,20,14
19516,29,3
19517,16,33
19518,38,0
19519,21,25
19520,19,20
19521,18,99
19522,19,17
19523,43,28
19524,39,22
19525,41,70
19526,23,50
19527,3,1
19528,81,85
19529,21,3
19530,11,7
19531,38,1
19532,40,25
19533,18,28
19534,2,38
19535,6,9
19536,28,13
19537,29,11
19538,1,1
19539,33,2
19540,4,18
19541,0,0
19542,22,0
19543,2,20
19544,0,0
19545,8,12
19546,10,9
19547,44,14
19548,21,31
19549,30,0
19550,20,3
19551,4,37
19552,0,1
19553,7,0
19554,4,65
19555,2,86
19556,12,8
19557,8,39
19558,2,10
19559,4,3
19560,17,9
19561,20,64
19562,49,58
19563,8,19
19564,7,104
19565,26,25
19566,22,1
19567,14,92
19568,48,39
19569,18,40
19570,0,0
19571,28,35
19572,24,11
19573,15,53
19574,27,3
19575,34,1
19576,24,31
19577,27,39
19578,38,15
19579,2,2
19580,113,226
19581,28,52
19582,94,35
19583,91,160
19584,90,17
19585,75,51
19586,24,55
19587,73,115
19588,105,109
19589,31,22
19590,19,6
19591,12,79
19592,78,61
19593,41,28
19594,20,37
19595,23,71
19596,30,37
19597,82,94
19598,55,78
19599,101,105
19600,61,58
19601,0,52
19602,69,53
19603,79,149
19604,131,66
19605,1,46
19606,81,51
19607,90,123
19608,44,80
19609,104,68
19610,67,116
19611,130,31
19612,98,148
19613,58,91
19614,73,198
19615,46,2
19616,103,86
19617,66,82
19618,29,68
19619,37,23
19620,1,25
19621,35,22
19622,81,34
19623,48,51
19624,3,21
19625,38,67
19626,29,30
19627,10,14
19628,0,16
19629,17,3
19630,41,34
19631,40,8
19632,2,26
19633,35,34
19634,12,23
19635,39,7
19636,19,12
19637,44,46
19638,29,69
19639,25,51
19640,4,1
19641,43,31
19642,46,6
19643,18,0
19644,43,28
19645,21,0
19646,19,55
19647,12,29
19648,48,45
19649,1,65
19650,48,13
19651,7,39
19652,5,2
19653,6,11
19654,2,5
19655,0,0
19656,2,19
19657,15,52
19658,9,64
19659,25,1
19660,20,59
19661,6,0
19662,17,0
19663,24,19
19664,15,32
19665,28,22
19666,0,38
19667,0,0
19668,23,33
19669,9,19
19670,22,13
19671,25,23
19672,3,9
19673,8,6
19674,32,2
19675,4,17
19676,1,0
19677,33,42
19678,2,1
19679,44,0
19680,45,16
19681,1,0
19682,58,51
19683,35,8
19684,16,49
19685,119,19
19686,21,46
19687,27,27
19688,0,9
19689,4,61
19690,23,44
19691,8,19
19692,13,1
19693,14,38
19694,3,8
19695,14,78
19696,17,11
19697,15,8
19698,2,0
19699,6,0
19700,4,16
19701,16,33
19702,4,102
19703,0,0
19704,0,0
19705,17,34
19706,21,0
19707,5,9
19708,28,48
19709,0,0
19710,0,0
19711,5,0
19712,0,0
19713,1,0
19714,0,0
19715,6,0
19716,0,25
19717,27,7
19718,1,0
19719,11,3
19720,0,0
19721,0,0
19722,0,0
19723,0,0
19724,0,0
19725,0,0
19726,0,0
19727,0,0
19728,0,0
19729,0,0
19730,0,0
19731,0,0
19732,0,0
19733,1,0
19734,0,0
19735,0,11
19736,0,0
19737,0,0
19738,0,0
19739,0,0
19740,0,0
19741,0,0
19742,21,1
19743,0,0
19744,25,0
19745,3,13
19746,0,0
19747,0,0
19748,4,16
19749,0,15
19750,7,3
19751,1,1
19752,20,0
19753,0,7
19754,16,3
19755,0,0
19756,4,20
19757,0,0
19758,4,11
19759,8,18
19760,0,0
19761,16,0
19762,8,1
19763,0,0
19764,5,10
19765,0,0
19766,5,0
19767,0,0
19768,11,11
19769,0,0
19770,14,0
19771,1,2
19772,1,0
19773,21,0
19774,6,37
19775,0,0
19776,0,0
19777,7,8
19778,0,0
19779,33,63
19780,19,3
19781,18,30
19782,1,0
19783,0,0
19784,13,0
19785,0,14
19786,18,8
19787,0,5
19788,32,23
19789,0,0
19790,0,0
19791,0,0
19792,11,0
19793,0,0
19794,0,0
19795,0,0
19796,0,0
19797,1,6
19798,2,0
19799,23,0
19800,0,0
19801,0,0
19802,0,0
19803,0,0
19804,0,0
19805,0,0
19806,0,0
19807,0,0
19808,0,0
19809,0,0
19810,0,0
19811,0,0
19812,0,0
19813,0,0
19814,0,0
19815,0,0
19816,0,0
19817,0,0
19818,0,0
19819,0,0
19820,0,0
19821,0,0
19822,0,0
19823,1,2
19824,0,0
19825,0,0
19826,0,0
19827,0,0
19828,0,0
19829,0,0
19830,0,0
19831,0,0
19832,0,0
19833,0,12
19834,0,0
19835,6,0
19836,0,0
19837,0,27
19838,0,0
19839,0,0
19840,0,0
19841,0,0
19842,0,0
19843,0,0
19844,0,0
19845,0,0
19846,0,0
19847,1,0
19848,0,0
19849,0,0
19850,0,0
19851,0,0
19852,0,0
19853,0,0
19854,0,0
19855,0,0
19856,0,0
19857,0,0
19858,0,0
19859,0,23
19860,8,1
19861,3,1
19862,0,0
19863,0,0
19864,0,0
19865,0,0
19866,0,0
19867,0,0
19868,0,0
19869,0,0
19870,0,0
19871,10,0
19872,0,0
19873,4,0
19874,0,0
19875,1,0
19876,0,0
19877,31,0
19878,0,15
19879,0,0
19880,13,0
19881,0,0
19882,0,3
19883,0,0
19884,0,0
19885,3,0
19886,0,9
19887,0,0
19888,10,0
19889,0,0
19890,0,0
19891,0,0
19892,0,0
19893,0,0
19894,18,0
19895,0,0
19896,17,17
19897,25,0
19898,2,0
19899,0,3
19900,0,0
19901,0,0
19902,0,0
19903,0,0
19904,0,0
19905,0,0
19906,6,0
19907,4,0
19908,5,0
19909,0,0
19910,1,0
19911,0,0
19912,0,0
19913,0,0
19914,0,0
19915,0,0
19916,0,0
19917,0,0
19918,25,1
19919,4,0
19920,9,0
19921,5,7
19922,9,0
19923,0,0
19924,0,0
19925,11,18
19926,0,21
19927,0,35
19928,0,0
19929,0,0
19930,2,0
19931,0,0
19932,5,0
19933,0,0
19934,0,0
19935,0,0
19936,1,0
19937,0,0
19938,0,35
19939,0,0
19940,0,0
19941,2,0
19942,0,0
19943,0,0
19944,0,0
19945,6,0
19946,0,0
19947,0,0
19948,0,0
19949,0,0
19950,0,0
19951,0,0
19952,5,12
19953,0,0
19954,0,0
19955,0,0
19956,9,0
19957,0,2
19958,0,0
19959,0,0
19960,0,0
19961,0,0
19962,0,0
19963,0,0
19964,0,0
19965,0,0
19966,0,0
19967,0,0
19968,0,0
19969,0,0
19970,0,0
19971,1,0
19972,0,0
19973,0,0
19974,0,0
19975,0,0
19976,0,10
19977,0,0
19978,0,0
19979,0,0
19980,0,0
19981,0,0
19982,0,0
19983,0,0
19984,0,0
19985,0,0
19986,0,0
19987,0,0
19988,0,0
19989,0,0
19990,0,0
19991,7,0
19992,0,0
19993,0,0
19994,0,0
19995,0,0
19996,0,0
19997,0,0
19998,0,0
19999,0,0
20000,59,56
20001,7,44
20002,19,1
20003,0,0
20004,14,4
20005,0,0
20006,20,11
20007,24,8
20008,13,11
20009,0,0
20010,0,0
20011,2,0
20012,0,0
20013,0,6
20014,0,0
20015,0,0
20016,0,0
20017,11,3
20018,5,14
20019,0,9
20020,0,0
20021,0,0
20022,0,0
20023,0,0
20024,0,0
20025,0,0
20026,0,0
20027,0,0
20028,0,0
20029,0,0
20030,0,0
20031,0,0
20032,0,0
20033,0,0
20034,0,0
20035,0,0
20036,0,0
20037,0,26
20038,0,0
20039,0,0
20040,0,0
20041,0,0
20042,0,2
20043,0,0
20044,0,0
20045,0,0
20046,0,0
20047,0,0
20048,0,0
20049,0,0
20050,0,0
20051,0,0
20052,0,0
20053,0,0
20054,0,0
20055,24,0
20056,0,0
20057,0,0
20058,0,0
20059,3,0
20060,0,0
20061,38,5
20062,0,7
20063,0,0
20064,0,0
20065,6,9
20066,0,0
20067,5,1
20068,5,7
20069,0,0
20070,0,0
20071,0,2
20072,0,0
20073,0,0
20074,0,15
20075,0,0
20076,0,0
20077,20,1
20078,0,19
20079,0,28
20080,0,0
20081,0,9
20082,0,0
20083,0,0
20084,0,0
20085,0,0
20086,0,0
20087,0,0
20088,0,0
20089,0,0
20090,0,0
20091,0,0
20092,0,0
20093,0,0
20094,0,0
20095,0,0
20096,0,0
20097,0,0
20098,0,0
20099,15,6
20100,0,6
20101,8,14
20102,3,0
20103,36,26
20104,0,0
20105,11,0
20106,1,4
20107,0,0
20108,0,0
20109,0,1
20110,0,0
20111,1,3
20112,7,0
20113,14,6
20114,3,0
20115,19,3
20116,0,9
20117,14,1
20118,13,0
20119,11,0
20120,0,0
20121,0,0
20122,3,9
20123,0,0
20124,0,0
20125,0,0
20126,0,0
20127,0,0
20128,0,0
20129,0,0
20130,0,0
20131,0,0
20132,0,0
20133,0,0
20134,0,0
20135,0,0
20136,0,0
20137,0,0
20138,0,0
20139,12,10
20140,41,25
20141,2,34
20142,10,1
20143,0,0
20144,0,22
20145,14,43
20146,27,35
20147,0,5
20148,30,9
20149,0,0
20150,10,0
20151,30,3
20152,4,5
20153,28,36
20154,22,0
20155,0,0
20156,0,0
20157,10,44
20158,9,0
20159,29,1
20160,0,10
20161,4,0
20162,1,0
20163,7,0
20164,0,0
20165,21,0
20166,8,0
20167,4,0
20168,5,0
20169,0,4
20170,6,0
20171,0,0
20172,0,11
20173,0,7
20174,0,0
20175,0,2
20176,6,2
20177,0,0
20178,0,0
20179,16,6
20180,4,0
20181,0,1
20182,0,0
20183,0,0
20184,0,0
20185,0,0
20186,0,0
20187,0,0
20188,0,0
20189,0,0
20190,0,0
20191,0,0
20192,0,5
20193,10,0
20194,0,0
20195,0,0
20196,0,0
20197,0,0
20198,0,17
20199,0,0
20200,23,75
20201,9,16
20202,5,2
20203,1,10
20204,11,80
20205,0,0
20206,8,1
20207,32,0
20208,39,27
20209,23,12
20210,0,15
20211,0,0
20212,0,12
20213,5,5
20214,0,0
20215,6,0
20216,0,0
20217,5,0
20218,0,0
20219,0,0
20220,0,0
20221,25,7
20222,12,7
20223,3,0
20224,1,0
20225,14,9
20226,22,3
20227,13,8
20228,2,0
20229,12,3
20230,2,7
20231,24,28
20232,3,0
20233,2,15
20234,0,9
20235,0,0
20236,14,0
20237,0,5
20238,16,3
20239,14,0
20240,3,26
20241,2,0
20242,3,25
20243,0,26
20244,0,1
20245,0,0
20246,0,0
20247,0,0
20248,0,0
20249,10,0
20250,10,5
20251,0,3
20252,10,5
20253,23,0
20254,8,0
20255,1,1
20256,0,0
20257,1,1
20258,0,1
20259,31,21
20260,20,7
20261,19,50
20262,15,28
20263,7,10
20264,15,0
20265,0,0
20266,30,59
20267,8,9
20268,19,7
20269,14,15
20270,14,0
20271,5,20
20272,1,1
20273,6,3
20274,7,13
20275,10,4
20276,3,3
20277,13,0
20278,0,0
20279,0,8
20280,15,21
20281,0,43
20282,23,6
20283,9,0
20284,3,0
20285,6,0
20286,0,14
20287,20,23
20288,18,19
20289,0,0
20290,0,0
20291,3,86
20292,0,3
20293,0,7
20294,4,0
20295,0,0
20296,0,0
20297,25,0
20298,10,2
20299,14,16
20300,0,0
20301,0,0
20302,0,0
20303,0,0
20304,0,0
20305,0,0
20306,0,0
20307,0,0
20308,0,0
20309,0,0
20310,0,0
20311,0,0
20312,0,0
20313,0,0
20314,0,0
20315,0,0
20316,0,0
20317,0,0
20318,0,0
20319,0,6
20320,0,0
20321,0,0
20322,0,0
20323,0,0
20324,0,0
20325,0,0
20326,0,0
20327,0,0
20328,0,0
20329,0,0
20330,0,0
20331,0,0
20332,0,0
20333,0,0
20334,0,0
20335,0,0
20336,0,0
20337,0,0
20338,0,0
20339,0,0
20340,0,2
20341,1,0
20342,6,0
20343,0,0
20344,0,1
20345,0,0
20346,0,2
20347,0,9
20348,0,0
20349,0,0
20350,0,0
20351,0,8
20352,0,0
20353,0,0
20354,0,0
20355,0,0
20356,0,0
20357,10,0
20358,27,20
20359,0,0
20360,7,9
20361,0,0
20362,14,4
20363,0,0
20364,0,0
20365,0,0
20366,0,0
20367,0,0
20368,0,0
20369,0,1
20370,0,0
20371,0,3
20372,0,0
20373,7,0
20374,0,0
20375,5,7
20376,0,4
20377,8,6
20378,8,1
20379,0,6
20380,0,0
20381,0,0
20382,0,0
20383,0,0
20384,0,0
20385,0,0
20386,1,0
20387,0,0
20388,0,5
20389,0,0
20390,0,0
20391,0,0
20392,0,0
20393,0,0
20394,16,0
20395,0,3
20396,0,0
20397,0,0
20398,0,0
20399,0,0
20400,0,0
20401,0,0
20402,0,0
20403,0,0
20404,0,0
20405,0,0
20406,0,0
20407,0,0
20408,0,0
20409,0,0
20410,0,0
20411,0,0
20412,0,0
20413,0,0
20414,0,0
20415,0,0
20416,0,0
20417,0,0
20418,0,0
20419,0,0
20420,15,2
20421,0,0
20422,0,7
20423,4,0
20424,12,0
20425,16,0
20426,5,1
20427,3,26
20428,1,22
20429,0,0
20430,0,0
20431,25,0
20432,0,0
20433,2,10
20434,0,0
20435,0,0
20436,0,2
20437,9,18
20438,7,1
20439,22,0
20440,28,36
20441,1,48
20442,0,4
20443,5,15
20444,10,2
20445,3,0
20446,15,0
20447,0,10
20448,3,1
20449,4,0
20450,6,8
20451,5,17
20452,3,3
20453,2,26
20454,11,0
20455,0,0
20456,0,0
20457,24,1
20458,7,2
20459,18,0
20460,17,7
20461,10,1
20462,8,16
20463,0,0
20464,6,1
20465,26,2
20466,4,1
20467,4,8
20468,26,8
20469,9,0
20470,0,0
20471,18,10
20472,6,0
20473,1,27
20474,0,2
20475,0,24
20476,10,0
20477,9,30
20478,8,0
20479,13,27
20480,0,0
20481,22,27
20482,2,3
20483,0,0
20484,1,11
20485,15,0
20486,4,11
20487,23,11
20488,0,0
20489,0,0
20490,0,0
20491,11,0
20492,0,0
20493,0,0
20494,0,0
20495,0,0
20496,0,0
20497,0,0
20498,0,15
20499,3,11
20500,33,5
20501,34,54
20502,41,35
20503,2,3
20504,2,10
20505,19,58
20506,10,0
20507,14,13
20508,14,0
20509,7,0
20510,0,0
20511,0,0
20512,27,3
20513,18,23
20514,12,0
20515,0,20
20516,0,0
20517,20,23
20518,1,6
20519,15,0
20520,1,1
20521,5,0
20522,2,0
20523,4,0
20524,0,1
20525,0,25
20526,0,1
20527,2,0
20528,0,0
20529,0,5
20530,0,0
20531,0,8
20532,0,27
20533,2,1
20534,0,1
20535,3,4
20536,12,41
20537,0,0
20538,0,27
20539,9,0
20540,8,7
20541,8,1
20542,2,0
20543,3,0
20544,0,0
20545,21,19
20546,8,14
20547,2,14
20548,0,0
20549,0,6
20550,0,9
20551,6,0
20552,33,0
20553,0,0
20554,2,20
20555,13,17
20556,5,0
20557,5,0
20558,5,6
20559,0,38
20560,7,25
20561,3,11
20562,0,17
20563,10,2
20564,0,0
20565,15,0
20566,7,52
20567,18,1
20568,0,0
20569,4,0
20570,6,2
20571,0,0
20572,0,47
20573,0,0
20574,0,0
20575,3,19
20576,1,1
20577,2,0
20578,10,4
20579,1,59
20580,1,0
20581,0,23
20582,9,9
20583,0,0
20584,1,4
20585,1,0
20586,2,4
20587,15,4
20588,4,4
20589,30,15
20590,0,0
20591,0,0
20592,3,0
20593,7,0
20594,4,0
20595,0,0
20596,11,5
20597,3,1
20598,0,0
20599,3,0
20600,0,0
20601,0,11
20602,10,26
20603,0,8
20604,1,0
20605,0,0
20606,7,0
20607,1,0
20608,0,10
20609,0,0
20610,0,0
20611,15,7
20612,6,0
20613,0,0
20614,0,0
20615,0,0
20616,2,0
20617,0,0
20618,1,0
20619,0,0
20620,6,5
20621,1,8
20622,0,17
20623,11,1
20624,0,0
20625,0,0
20626,0,0
20627,0,0
20628,7,0
20629,0,0
20630,0,0
20631,0,0
20632,0,0
20633,0,0
20634,0,0
20635,0,0
20636,0,0
20637,0,0
20638,0,0
20639,0,0
20640,16,0
20641,0,0
20642,7,0
20643,0,0
20644,0,0
20645,0,41
20646,15,0
20647,0,0
20648,0,28
20649,0,0
20650,0,0
20651,13,0
20652,2,0
20653,13,0
20654,0,0
20655,0,0
20656,0,0
20657,0,0
20658,1,0
20659,16,0
20660,0,12
20661,0,32
20662,21,1
20663,8,14
20664,0,0
20665,0,0
20666,0,20
20667,4,19
20668,20,1
20669,0,0
20670,0,0
20671,0,0
20672,0,0
20673,0,0
20674,0,0
20675,1,0
20676,1,32
20677,0,0
20678,4,6
20679,37,3
20680,2,1
20681,47,16
20682,2,0
20683,37,1
20684,12,0
20685,1,9
20686,3,1
20687,34,23
20688,0,11
20689,7,10
20690,0,1
20691,6,1
20692,2,2
20693,15,0
20694,1,0
20695,1,20
20696,1,17
20697,0,0
20698,15,4
20699,7,33
20700,17,9
20701,19,24
20702,4,0
20703,0,0
20704,4,3
20705,4,1
20706,16,0
20707,10,6
20708,42,0
20709,0,0
20710,0,0
20711,22,0
20712,4,2
20713,0,5
20714,19,0
20715,0,0
20716,0,0
20717,26,13
20718,0,15
20719,14,0
20720,2,4
20721,0,0
20722,0,0
20723,0,0
20724,0,0
20725,0,0
20726,27,0
20727,0,1
20728,5,3
20729,0,0
20730,0,0
20731,0,0
20732,0,0
20733,0,0
20734,0,0
20735,0,0
20736,0,0
20737,0,15
20738,0,0
20739,6,0
20740,0,11
20741,0,0
20742,7,28
20743,0,0
20744,0,0
20745,0,0
20746,0,0
20747,0,0
20748,0,6
20749,0,0
20750,0,0
20751,0,0
20752,0,0
20753,0,0
20754,0,0
20755,0,0
20756,0,0
20757,0,21
20758,0,12
20759,0,6
20760,1,0
20761,3,0
20762,1,0
20763,0,0
20764,2,0
20765,0,0
20766,0,0
20767,0,34
20768,0,0
20769,8,4
20770,0,0
20771,0,30
20772,3,27
20773,1,0
20774,0,0
20775,0,0
20776,0,0
20777,0,0
20778,0,5
20779,5,0
20780,56,31
20781,7,15
20782,37,57
20783,0,0
20784,11,9
20785,10,11
20786,0,3
20787,0,0
20788,31,0
20789,7,0
20790,10,3
20791,10,24
20792,0,2
20793,14,0
20794,0,1
20795,0,0
20796,2,20
20797,0,18
20798,30,18
20799,0,21
20800,0,0
20801,4,0
20802,0,0
20803,19,0
20804,0,1
20805,18,4
20806,13,14
20807,7,4
20808,0,0
20809,0,0
20810,0,0
20811,5,0
20812,0,0
20813,0,0
20814,0,0
20815,0,10
20816,8,0
20817,20,0
20818,11,0
20819,8,2
20820,0,0
20821,19,5
20822,23,0
20823,1,0
20824,2,0
20825,0,0
20826,1,0
20827,0,0
20828,6,6
20829,0,0
20830,6,0
20831,0,20
20832,5,0
20833,0,0
20834,25,0
20835,4,0
20836,0,27
20837,24,19
20838,7,0
20839,7,31
20840,41,57
20841,2,0
20842,4,32
20843,0,1
20844,20,3
20845,25,15
20846,13,56
20847,14,0
20848,18,0
20849,22,28
20850,7,0
20851,15,0
20852,0,1
20853,32,26
20854,16,17
20855,2,37
20856,0,41
20857,3,82
20858,1,0
20859,0,18
20860,7,22
20861,56,17
20862,20,21
20863,18,14
20864,1,74
20865,11,44
20866,59,40
20867,56,18
20868,78,87
20869,28,65
20870,13,45
20871,54,22
20872,80,13
20873,53,50
20874,29,18
20875,18,9
20876,9,128
20877,44,55
20878,18,8
20879,61,10
20880,23,37
20881,21,10
20882,15,45
20883,19,19
20884,56,4
20885,31,24
20886,11,18
20887,4,2
20888,0,0
20889,14,34
20890,0,0
20891,38,21
20892,16,17
20893,0,5
20894,0,0
20895,7,0
20896,0,0
20897,2,0
20898,25,39
20899,16,38
20900,0,25
20901,0,1
20902,0,18
20903,12,32
20904,0,0
20905,11,44
20906,29,21
20907,16,0
20908,3,3
20909,3,0
20910,0,0
20911,22,25
20912,0,0
20913,0,15
20914,2,0
20915,9,16
20916,0,1
20917,5,0
20918,2,2
20919,23,7
20920,0,0
20921,3,27
20922,1,9
20923,0,26
20924,9,5
20925,0,13
20926,42,0
20927,10,60
20928,25,1
20929,0,0
20930,0,20
20931,22,16
20932,0,4
20933,14,4
20934,1,5
20935,3,0
20936,17,0
20937,0,0
20938,2,5
20939,36,35
20940,0,0
20941,7,47
20942,6,27
20943,0,0
20944,7,0
20945,0,0
20946,0,0
20947,16,0
20948,0,0
20949,0,49
20950,1,0
20951,21,10
20952,0,0
20953,12,0
20954,0,1
20955,0,0
20956,0,4
20957,11,0
20958,0,0
20959,0,6
20960,4,1
20961,0,0
20962,45,5
20963,0,2
20964,0,8
20965,4,0
20966,7,2
20967,4,2
20968,6,33
20969,5,0
20970,19,28
20971,4,0
20972,4,13
20973,0,0
20974,12,12
20975,2,0
20976,0,0
20977,6,11
20978,0,27
20979,12,0
20980,0,26
20981,0,0
20982,0,0
20983,0,0
20984,16,0
20985,0,2
20986,3,0
20987,0,1
20988,0,45
20989,0,0
20990,1,0
20991,0,0
20992,0,0
20993,0,2
20994,0,0
20995,0,7
20996,0,0
20997,0,0
20998,0,1
20999,5,29
21000,0,8
21001,25,9
21002,5,0
21003,0,0
21004,0,0
21005,51,1
21006,0,0
21007,0,0
21008,15,1
21009,0,15
21010,0,12
21011,12,13
21012,0,53
21013,0,0
21014,6,0
21015,0,2
21016,0,0
21017,5,1
21018,0,10
21019,8,6
21020,15,18
21021,0,0
21022,1,17
21023,33,0
21024,0,13
21025,7,13
21026,1,28
21027,35,31
21028,23,16
21029,30,9
21030,26,0
21031,20,9
21032,9,12
21033,26,31
21034,25,0
21035,1,39
21036,10,6
21037,12,0
21038,16,0
21039,0,16
21040,0,0
21041,0,0
21042,0,0
21043,0,0
21044,0,0
21045,0,0
21046,0,0
21047,0,0
21048,0,0
21049,0,0
21050,0,0
21051,0,0
21052,0,0
21053,0,0
21054,0,0
21055,0,0
21056,0,0
21057,0,0
21058,0,0
21059,0,0
21060,55,3
21061,13,82
21062,15,35
21063,34,0
21064,36,45
21065,21,0
21066,24,3
21067,43,34
21068,0,16
21069,16,32
21070,3,0
21071,5,0
21072,26,43
21073,24,28
21074,8,14
21075,6,38
21076,15,16
21077,42,0
21078,0,0
21079,27,5
21080,32,5
21081,1,0
21082,21,0
21083,3,4
21084,9,10
21085,0,0
21086,7,12
21087,10,33
21088,3,0
21089,21,41
21090,50,0
21091,22,19
21092,0,6
21093,66,10
21094,5,43
21095,9,12
21096,11,49
21097,0,23
21098,0,0
21099,0,31
21100,19,56
21101,11,9
21102,36,26
21103,55,2
21104,0,0
21105,5,0
21106,2,27
21107,40,6
21108,8,37
21109,0,7
21110,2,5
21111,5,7
21112,12,2
21113,0,3
21114,0,0
21115,12,10
21116,0,0
21117,0,0
21118,4,1
21119,0,8
21120,5,1
21121,1,1
21122,24,2
21123,12,5
21124,12,0
21125,13,0
21126,0,11
21127,0,0
21128,1,0
21129,17,34
21130,14,14
21131,3,0
21132,17,0
21133,9,0
21134,0,9
21135,2,1
21136,0,0
21137,11,12
21138,0,0
21139,17,27
21140,4,8
21141,27,9
21142,19,24
21143,7,2
21144,22,70
21145,32,4
21146,61,35
21147,1,1
21148,13,13
21149,0,55
21150,46,19
21151,3,30
21152,0,25
21153,37,19
21154,15,16
21155,14,0
21156,18,19
21157,17,18
21158,13,0
21159,0,9
21160,0,0
21161,0,0
21162,3,2
21163,0,0
21164,0,1
21165,1,0
21166,4,0
21167,7,4
21168,4,0
21169,3,17
21170,0,0
21171,6,0
21172,6,0
21173,15,0
21174,0,0
21175,17,5
21176,0,0
21177,0,0
21178,0,45
21179,1,0
21180,10,6
21181,0,14
21182,0,26
21183,16,12
21184,0,0
21185,0,11
21186,6,0
21187,4,0
21188,8,1
21189,10,0
21190,23,2
21191,10,0
21192,0,0
21193,5,3
21194,8,31
21195,9,0
21196,18,0
21197,5,0
21198,0,1
21199,17,6
21200,16,7
21201,26,40
21202,11,1
21203,2,29
21204,1,18
21205,14,34
21206,11,16
21207,31,25
21208,14,2
21209,12,0
21210,1,0
21211,25,2
21212,4,0
21213,4,16
21214,23,44
21215,11,11
21216,11,18
21217,1,0
21218,0,0
21219,23,41
21220,9,0
21221,21,0
21222,32,30
21223,18,0
21224,0,6
21225,3,34
21226,0,0
21227,23,41
21228,7,0
21229,0,0
21230,2,12
21231,3,16
21232,0,0
21233,10,16
21234,12,27
21235,0,17
21236,4,0
21237,0,0
21238,2,39
21239,0,0
21240,0,1
21241,0,40
21242,18,15
21243,0,0
21244,15,21
21245,0,23
21246,4,0
21247,0,0
21248,0,1
21249,0,0
21250,1,0
21251,7,17
21252,0,4
21253,40,23
21254,0,0
21255,11,5
21256,0,1
21257,27,0
21258,1,17
21259,30,10
21260,0,0
21261,0,0
21262,0,0
21263,0,0
21264,0,3
21265,2,1
21266,6,1
21267,12,0
21268,0,0
21269,14,0
21270,8,0
21271,0,1
21272,0,0
21273,1,0
21274,13,3
21275,3,1
21276,13,4
21277,3,2
21278,0,0
21279,0,0
21280,0,0
21281,0,0
21282,0,0
21283,0,0
21284,0,0
21285,0,0
21286,0,0
21287,0,0
21288,0,0
21289,0,0
21290,0,0
21291,0,0
21292,0,0
21293,0,0
21294,0,0
21295,0,0
21296,0,0
21297,0,0
21298,0,0
21299,0,0
21300,0,2
21301,3,0
21302,5,0
21303,1,0
21304,8,0
21305,11,18
21306,0,2
21307,0,0
21308,0,8
21309,0,0
21310,1,0
21311,0,0
21312,0,0
21313,0,0
21314,0,0
21315,0,0
21316,0,0
21317,0,0
21318,10,0
21319,15,32
21320,0,0
21321,0,0
21322,0,0
21323,0,0
21324,0,0
21325,0,0
21326,0,0
21327,0,0
21328,0,0
21329,0,0
21330,0,0
21331,0,0
21332,0,0
21333,0,0
21334,0,0
21335,0,0
21336,19,0
21337,0,0
21338,0,0
21339,0,0
21340,7,0
21341,0,0
21342,0,0
21343,0,0
21344,2,0
21345,0,0
21346,0,0
21347,0,0
21348,0,0
21349,0,0
21350,0,0
21351,0,0
21352,0,0
21353,31,3
21354,0,0
21355,0,0
21356,0,0
21357,2,0
21358,0,0
21359,0,0
21360,7,0
21361,12,4
21362,0,0
21363,3,5
21364,4,0
21365,9,0
21366,0,0
21367,1,1
21368,0,0
21369,0,14
21370,0,0
21371,0,25
21372,6,0
21373,0,0
21374,3,0
21375,0,0
21376,0,0
21377,31,0
21378,10,0
21379,5,4
21380,0,37
21381,37,58
21382,14,46
21383,34,55
21384,25,0
21385,3,24
21386,19,0
21387,2,10
21388,18,35
21389,55,41
21390,32,23
21391,9,27
21392,32,58
21393,3,26
21394,39,11
21395,14,16
21396,1,0
21397,56,11
21398,32,81
21399,49,1
21400,3,0
21401,6,0
21402,0,0
21403,0,0
21404,0,0
21405,0,5
21406,2,0
21407,0,0
21408,0,0
21409,0,0
21410,1,0
21411,14,0
21412,4,0
21413,0,0
21414,0,7
21415,0,5
21416,0,0
21417,28,0
21418,0,4
21419,11,0
21420,0,0
21421,14,0
21422,2,9
21423,0,0
21424,10,26
21425,0,0
21426,0,0
21427,0,0
21428,0,9
21429,1,0
21430,10,4
21431,2,0
21432,0,20
21433,2,0
21434,0,0
21435,0,0
21436,0,0
21437,15,2
21438,0,0
21439,0,0
21440,36,0
21441,0,5
21442,0,0
21443,0,0
21444,5,0
21445,3,3
21446,7,46
21447,4,0
21448,0,10
21449,0,0
21450,0,0
21451,9,22
21452,0,0
21453,2,0
21454,0,0
21455,26,10
21456,0,0
21457,0,4
21458,0,0
21459,9,0
21460,10,5
21461,17,25
21462,0,0
21463,0,0
21464,0,16
21465,1,0
21466,0,0
21467,0,0
21468,0,3
21469,0,20
21470,49,0
21471,4,1
21472,0,0
21473,12,7
21474,0,0
21475,2,0
21476,0,0
21477,9,0
21478,0,37
21479,14,0
21480,3,0
21481,0,11
21482,4,4
21483,0,0
21484,0,0
21485,0,0
21486,0,0
21487,2,0
21488,0,0
21489,1,8
21490,0,0
21491,0,0
21492,0,0
21493,0,37
21494,0,0
21495,0,0
21496,0,0
21497,0,0
21498,0,0
21499,0,0
21500,0,0
21501,30,0
21502,2,0
21503,0,0
21504,0,0
21505,0,0
21506,5,0
21507,0,0
21508,47,0
21509,5,0
21510,0,0
21511,0,0
21512,0,0
21513,4,0
21514,0,0
21515,0,0
21516,14,0
21517,0,0
21518,9,0
21519,0,0
21520,7,8
21521,5,0
21522,45,23
21523,13,14
21524,18,31
21525,19,0
21526,6,89
21527,0,0
21528,0,7
21529,26,1
21530,2,0
21531,0,0
21532,0,0
21533,8,4
21534,18,33
21535,6,2
21536,0,1
21537,0,0
21538,0,0
21539,0,2
21540,9,35
21541,38,1
21542,16,16
21543,38,33
21544,29,31
21545,12,0
21546,41,3
21547,28,29
21548,37,72
21549,49,58
21550,39,39
21551,49,96
21552,5,0
21553,10,0
21554,1,0
21555,24,83
21556,21,0
21557,63,31
21558,2,11
21559,17,7
21560,1,77
21561,12,41
21562,11,6
21563,3,1
21564,30,0
21565,0,0
21566,27,2
21567,37,6
21568,24,8
21569,33,36
21570,14,12
21571,40,23
21572,0,17
21573,32,60
21574,7,92
21575,9,23
21576,5,45
21577,43,14
21578,14,17
21579,39,16
21580,14,29
21581,0,13
21582,9,9
21583,8,29
21584,15,10
21585,0,4
21586,13,2
21587,14,0
21588,0,0
21589,5,49
21590,18,0
21591,15,20
21592,6,22
21593,13,24
21594,0,11
21595,19,43
21596,6,39
21597,9,3
21598,39,107
21599,9,27
21600,13,0
21601,14,16
21602,5,6
21603,40,3
21604,19,41
21605,10,0
21606,15,0
21607,8,0
21608,27,31
21609,17,15
21610,1,17
21611,36,1
21612,0,13
21613,0,2
21614,0,18
21615,0,0
21616,0,0
21617,9,33
21618,4,0
21619,11,0
21620,22,22
21621,5,59
21622,9,9
21623,14,0
21624,4,0
21625,15,8
21626,6,5
21627,15,0
21628,9,11
21629,1,0
21630,6,10
21631,16,0
21632,0,0
21633,0,29
21634,0,0
21635,0,0
21636,0,0
21637,10,60
21638,5,0
21639,1,4
21640,20,0
21641,21,11
21642,15,0
21643,3,0
21644,2,21
21645,2,3
21646,17,0
21647,7,6
21648,54,1
21649,9,0
21650,0,32
21651,0,0
21652,11,0
21653,5,6
21654,0,3
21655,0,0
21656,0,59
21657,0,6
21658,13,0
21659,0,0
21660,0,0
21661,0,5
21662,0,0
21663,0,0
21664,0,3
21665,0,0
21666,0,0
21667,12,0
21668,4,11
21669,0,0
21670,4,0
21671,0,0
21672,0,0
21673,0,8
21674,0,0
21675,0,0
21676,0,0
21677,0,0
21678,0,0
21679,0,0
21680,0,0
21681,0,0
21682,0,0
21683,0,0
21684,0,0
21685,1,0
21686,0,0
21687,0,0
21688,0,0
21689,4,0
21690,0,0
21691,0,0
21692,0,0
21693,0,0
21694,0,0
21695,0,0
21696,0,0
21697,0,1
21698,0,0
21699,1,29
21700,0,0
21701,0,0
21702,0,0
21703,0,0
21704,0,0
21705,0,0
21706,0,0
21707,0,0
21708,0,0
21709,0,0
21710,0,20
21711,0,0
21712,0,0
21713,0,0
21714,0,0
21715,0,0
21716,0,0
21717,0,0
21718,0,0
21719,0,0
21720,0,0
21721,2,0
21722,0,0
21723,0,0
21724,0,0
21725,0,0
21726,0,0
21727,10,0
21728,0,0
21729,2,0
21730,9,0
21731,0,0
21732,0,0
21733,0,0
21734,0,0
21735,0,0
21736,0,0
21737,0,0
21738,0,0
21739,0,0
21740,0,0
21741,4,0
21742,0,0
21743,0,0
21744,0,0
21745,0,0
21746,0,0
21747,0,0
21748,0,0
21749,0,0
21750,0,0
21751,0,0
21752,0,0
21753,0,0
21754,0,0
21755,0,18
21756,0,0
21757,0,2
21758,0,0
21759,0,0
21760,0,0
21761,0,1
21762,13,2
21763,0,0
21764,2,0
21765,0,20
21766,0,0
21767,0,1
21768,0,0
21769,0,0
21770,0,0
21771,0,0
21772,0,0
21773,0,0
21774,0,0
21775,0,0
21776,0,0
21777,0,1
21778,7,0
21779,0,0
21780,0,0
21781,0,0
21782,10,0
21783,0,0
21784,0,0
21785,14,0
21786,0,0
21787,1,0
21788,3,0
21789,0,0
21790,12,0
21791,1,0
21792,0,0
21793,0,0
21794,0,0
21795,0,0
21796,1,0
21797,0,0
21798,0,14
21799,0,0
21800,4,0
21801,0,1
21802,0,5
21803,0,0
21804,0,0
21805,5,2
21806,17,0
21807,13,7
21808,0,5
21809,9,0
21810,0,0
21811,0,0
21812,0,0
21813,0,0
21814,0,7
21815,0,0
21816,0,0
21817,0,0
21818,19,0
21819,0,0
21820,0,0
21821,0,0
21822,0,0
21823,0,0
21824,3,0
21825,0,0
21826,0,0
21827,0,0
21828,0,0
21829,0,0
21830,0,0
21831,0,0
21832,0,0
21833,0,24
21834,0,0
21835,0,0
21836,0,0
21837,0,0
21838,7,0
21839,0,0
21840,0,8
21841,0,0
21842,1,0
21843,0,4
21844,18,0
21845,0,12
21846,0,0
21847,17,0
21848,1,1
21849,1,0
21850,0,0
21851,5,0
21852,0,0
21853,0,1
21854,0,0
21855,0,0
21856,1,0
21857,1,0
21858,2,2
21859,21,3
21860,7,10
21861,0,1
21862,4,37
21863,0,0
21864,1,2
21865,4,2
21866,12,0
21867,9,0
21868,24,2
21869,0,0
21870,0,0
21871,17,29
21872,0,0
21873,5,0
21874,0,1
21875,0,0
21876,0,0
21877,0,23
21878,19,10
21879,10,46
21880,0,2
21881,17,0
21882,0,23
21883,0,0
21884,0,0
21885,0,0
21886,0,0
21887,0,0
21888,7,0
21889,0,0
21890,0,0
21891,0,0
21892,0,0
21893,0,0
21894,0,0
21895,0,0
21896,0,0
21897,0,0
21898,0,0
21899,6,11
21900,15,0
21901,18,4
21902,32,0
21903,3,0
21904,0,2
21905,1,0
21906,5,9
21907,15,0
21908,23,31
21909,0,0
21910,0,8
21911,1,77
21912,0,0
21913,0,0
21914,22,9
21915,0,0
21916,0,0
21917,9,2
21918,0,58
21919,6,35
21920,0,7
21921,17,0
21922,14,0
21923,0,0
21924,5,0
21925,0,0
21926,15,0
21927,0,0
21928,0,38
21929,0,0
21930,0,0
21931,6,0
21932,19,0
21933,0,0
21934,0,8
21935,6,0
21936,12,2
21937,7,23
21938,11,0
21939,3,30
21940,5,15
21941,21,0
21942,1,0
21943,0,37
21944,0,1
21945,16,0
21946,3,40
21947,55,2
21948,0,7
21949,25,50
21950,33,0
21951,6,18
21952,4,0
21953,0,39
21954,5,36
21955,13,2
21956,3,0
21957,3,0
21958,0,0
21959,1,29
21960,3,27
21961,0,0
21962,0,0
21963,0,0
21964,2,0
21965,0,2
21966,3,0
21967,5,24
21968,0,1
21969,0,0
21970,0,0
21971,0,0
21972,12,0
21973,0,0
21974,0,0
21975,0,10
21976,0,0
21977,0,51
21978,0,0
21979,0,43
21980,2,0
21981,0,0
21982,1,9
21983,0,0
21984,0,16
21985,0,1
21986,26,0
21987,34,0
21988,0,0
21989,0,0
21990,0,19
21991,10,0
21992,0,0
21993,0,0
21994,0,0
21995,0,0
21996,0,0
21997,0,0
21998,0,0
21999,0,0
22000,0,13
22001,0,0
22002,0,0
22003,0,0
22004,5,0
22005,0,1
22006,0,2
22007,0,0
22008,0,0
22009,0,7
22010,0,0
22011,0,0
22012,0,0
22013,0,0
22014,0,0
22015,0,0
22016,0,0
22017,22,0
22018,0,0
22019,0,0
22020,15,12
22021,0,9
22022,0,0
22023,1,4
22024,0,0
22025,0,11
22026,4,0
22027,22,0
22028,1,0
22029,12,0
22030,19,0
22031,7,0
22032,0,0
22033,0,1
22034,0,4
22035,0,0
22036,0,0
22037,0,14
22038,0,0
22039,7,0
22040,0,0
22041,0,2
22042,11,0
22043,10,0
22044,4,0
22045,0,0
22046,0,0
22047,0,0
22048,0,0
22049,8,2
22050,0,0
22051,0,0
22052,0,0
22053,0,0
22054,4,12
22055,13,3
22056,0,0
22057,0,0
22058,0,2
22059,0,0
22060,0,0
22061,1,0
22062,24,31
22063,5,0
22064,0,7
22065,12,40
22066,0,0
22067,0,0
22068,0,2
22069,0,0
22070,0,19
22071,0,0
22072,0,0
22073,0,0
22074,4,22
22075,0,0
22076,5,0
22077,6,4
22078,11,0
22079,0,0
22080,8,11
22081,16,12
22082,0,0
22083,1,1
22084,17,0
22085,0,0
22086,1,0
22087,0,1
22088,0,27
22089,8,0
22090,6,7
22091,0,0
22092,0,0
22093,15,0
22094,0,0
22095,0,22
22096,0,0
22097,2,0
22098,0,0
22099,0,30
22100,0,0
22101,1,0
22102,0,13
22103,1,0
22104,19,0
22105,0,0
22106,0,21
22107,0,0
22108,0,15
22109,1,0
22110,0,0
22111,4,18
22112,8,0
22113,0,0
22114,1,11
22115,0,0
22116,2,25
22117,0,4
22118,3,0
22119,18,1
22120,1,1
22121,0,0
22122,0,0
22123,0,0
22124,3,16
22125,2,18
22126,0,0
22127,0,3
22128,7,0
22129,0,0
22130,0,0
22131,14,4
22132,0,0
22133,1,0
22134,0,0
22135,0,2
22136,2,0
22137,1,0
22138,0,0
22139,15,0
22140,4,0
22141,4,0
22142,84,3
22143,27,4
22144,12,11
22145,11,24
22146,3,2
22147,8,3
22148,27,2
22149,37,1
22150,15,29
22151,22,17
22152,8,12
22153,0,22
22154,15,35
22155,42,30
22156,41,10
22157,0,2
22158,0,35
22159,17,0
22160,0,0
22161,18,6
22162,2,0
22163,0,0
22164,0,0
22165,12,1
22166,0,0
22167,0,2
22168,0,0
22169,12,25
22170,7,19
22171,0,5
22172,34,0
22173,4,10
22174,1,0
22175,0,3
22176,0,0
22177,7,0
22178,2,0
22179,0,19
22180,0,0
22181,0,0
22182,0,0
22183,0,0
22184,0,0
22185,0,0
22186,0,0
22187,0,0
22188,0,0
22189,0,0
22190,0,0
22191,0,0
22192,0,0
22193,0,0
22194,0,0
22195,0,0
22196,0,0
22197,0,0
22198,0,0
22199,0,0
22200,18,0
22201,5,0
22202,3,2
22203,8,4
22204,2,0
22205,0,1
22206,27,7
22207,2,33
22208,14,51
22209,33,16
22210,2,0
22211,3,55
22212,35,28
22213,22,2
22214,5,6
22215,34,39
22216,10,14
22217,0,12
22218,16,51
22219,25,19
22220,5,2
22221,0,1
22222,7,0
22223,2,0
22224,9,3
22225,27,2
22226,0,0
22227,8,0
22228,1,1
22229,4,4
22230,0,5
22231,13,7
22232,0,0
22233,5,4
22234,0,0
22235,5,9
22236,3,0
22237,4,17
22238,4,0
22239,1,22
22240,33,0
22241,3,3
22242,13,1
22243,5,0
22244,0,0
22245,0,1
22246,0,10
22247,5,0
22248,1,0
22249,1,0
22250,9,0
22251,15,0
22252,0,12
22253,6,0
22254,0,0
22255,0,4
22256,0,0
22257,0,0
22258,0,0
22259,0,1
22260,29,15
22261,5,34
22262,15,0
22263,0,8
22264,0,18
22265,11,0
22266,0,0
22267,2,11
22268,3,0
22269,0,3
22270,5,16
22271,0,0
22272,0,1
22273,1,0
22274,0,18
22275,7,10
22276,0,0
22277,0,23
22278,0,31
22279,9,13
22280,0,0
22281,10,17
22282,15,0
22283,0,0
22284,15,8
22285,0,0
22286,3,0
22287,3,7
22288,1,0
22289,0,0
22290,4,0
22291,5,0
22292,4,2
22293,10,0
22294,0,26
22295,0,0
22296,1,4
22297,0,0
22298,19,5
22299,3,0
22300,4,1
22301,2,70
22302,32,84
22303,1,10
22304,37,0
22305,37,1
22306,8,0
22307,18,0
22308,15,11
22309,0,20
22310,5,33
22311,4,14
22312,21,0
22313,4,0
22314,3,0
22315,20,21
22316,8,0
22317,17,21
22318,5,0
22319,1,0
22320,19,7
22321,22,5
22322,31,10
22323,8,1
22324,31,0
22325,2,17
22326,0,0
22327,17,25
22328,0,1
22329,27,6
22330,30,25
22331,24,18
22332,29,31
22333,0,12
22334,6,70
22335,26,26
22336,15,41
22337,43,36
22338,28,34
22339,16,32
22340,5,0
22341,0,0
22342,0,12
22343,10,0
22344,13,18
22345,0,1
22346,4,0
22347,34,0
22348,9,0
22349,0,3
22350,2,4
22351,3,5
22352,0,0
22353,0,1
22354,28,12
22355,2,26
22356,14,9
22357,9,16
22358,26,0
22359,9,0
22360,3,0
22361,5,0
22362,15,40
22363,20,40
22364,6,26
22365,3,26
22366,15,9
22367,5,27
22368,0,0
22369,2,18
22370,1,1
22371,23,18
22372,21,9
22373,10,11
22374,8,0
22375,9,40
22376,7,0
22377,1,0
22378,41,17
22379,0,0
22380,18,5
22381,0,53
22382,12,1
22383,7,19
22384,12,0
22385,0,21
22386,0,0
22387,12,0
22388,2,4
22389,8,12
22390,1,3
22391,24,0
22392,1,0
22393,0,6
22394,0,53
22395,11,3
22396,9,1
22397,4,0
22398,11,2
22399,37,41
22400,17,2
22401,0,37
22402,32,4
22403,5,16
22404,1,0
22405,22,27
22406,13,0
22407,16,20
22408,22,1
22409,28,25
22410,15,48
22411,8,51
22412,5,0
22413,28,0
22414,15,0
22415,21,0
22416,9,6
22417,25,0
22418,14,5
22419,0,2
22420,9,71
22421,26,4
22422,6,47
22423,7,0
22424,1,2
22425,6,0
22426,17,0
22427,0,39
22428,10,0
22429,32,0
22430,9,3
22431,0,1
22432,13,11
22433,0,0
22434,36,0
22435,19,24
22436,23,6
22437,0,16
22438,8,13
22439,0,8
22440,0,0
22441,9,0
22442,19,14
22443,15,0
22444,11,4
22445,4,0
22446,9,0
22447,7,5
22448,0,2
22449,13,0
22450,0,5
22451,15,0
22452,0,15
22453,0,0
22454,0,0
22455,1,89
22456,0,0
22457,26,2
22458,1,0
22459,0,0
22460,1,24
22461,14,17
22462,46,8
22463,0,44
22464,22,59
22465,0,1
22466,0,1
22467,16,25
22468,6,1
22469,16,2
22470,0,25
22471,13,22
22472,0,3
22473,0,0
22474,0,28
22475,0,4
22476,0,23
22477,0,0
22478,0,12
22479,0,0
22480,12,5
22481,3,33
22482,9,46
22483,52,26
22484,26,5
22485,24,36
22486,7,39
22487,2,0
22488,38,10
22489,6,16
22490,3,12
22491,5,49
22492,20,2
22493,7,3
22494,0,0
22495,2,27
22496,15,19
22497,0,21
22498,19,39
22499,23,64
22500,19,0
22501,4,26
22502,8,3
22503,5,6
22504,27,13
22505,0,7
22506,8,53
22507,26,0
22508,1,0
22509,23,21
22510,12,10
22511,73,0
22512,11,1
22513,0,9
22514,13,0
22515,8,19
22516,3,11
22517,2,1
22518,20,4
22519,18,2
22520,9,0
22521,7,25
22522,4,5
22523,37,0
22524,13,14
22525,26,42
22526,8,9
22527,8,0
22528,2,0
22529,0,7
22530,0,3
22531,3,0
22532,14,20
22533,15,2
22534,0,0
22535,13,18
22536,5,6
22537,4,6
22538,3,25
22539,10,33
22540,2,0
22541,51,21
22542,19,28
22543,7,0
22544,0,7
22545,0,44
22546,5,0
22547,11,0
22548,23,8
22549,43,16
22550,20,11
22551,7,0
22552,1,6
22553,42,3
22554,11,1
22555,9,11
22556,11,18
22557,29,17
22558,76,25
22559,50,157
22560,10,0
22561,32,1
22562,8,49
22563,0,0
22564,6,0
22565,7,1
22566,4,2
22567,2,13
22568,7,34
22569,0,0
22570,0,3
22571,2,14
22572,0,0
22573,0,0
22574,0,1
22575,17,0
22576,0,0
22577,31,2
22578,1,0
22579,18,1
22580,0,6
22581,19,0
22582,11,0
22583,0,0
22584,0,2
22585,9,4
22586,9,12
22587,7,0
22588,26,0
22589,16,4
22590,0,0
22591,3,0
22592,2,9
22593,1,0
22594,0,0
22595,11,0
22596,1,0
22597,3,8
22598,16,1
22599,17,0
22600,1,31
22601,2,6
22602,17,21
22603,20,2
22604,4,10
22605,12,20
22606,0,4
22607,2,6
22608,0,0
22609,0,16
22610,3,49
22611,17,7
22612,0,0
22613,0,12
22614,0,0
22615,3,0
22616,0,0
22617,25,5
22618,14,5
22619,11,2
22620,1,2
22621,6,10
22622,8,11
22623,0,8
22624,8,0
22625,18,0
22626,22,2
22627,0,47
22628,10,9
22629,1,7
22630,10,5
22631,1,2
22632,1,5
22633,27,23
22634,1,3
22635,0,0
22636,0,3
22637,0,8
22638,2,0
22639,17,11
22640,0,30
22641,0,0
22642,4,1
22643,19,2
22644,9,6
22645,11,0
22646,4,0
22647,11,0
22648,15,51
22649,12,3
22650,0,0
22651,16,17
22652,18,6
22653,22,0
22654,0,6
22655,0,0
22656,0,2
22657,12,8
22658,3,17
22659,18,2
22660,12,35
22661,26,1
22662,0,0
22663,0,2
22664,24,2
22665,31,4
22666,13,5
22667,7,3
22668,23,16
22669,0,25
22670,11,2
22671,3,1
22672,6,46
22673,45,0
22674,3,32
22675,18,18
22676,3,27
22677,21,1
22678,38,11
22679,16,14
22680,22,20
22681,40,0
22682,2,25
22683,0,6
22684,15,4
22685,18,11
22686,19,0
22687,25,2
22688,6,7
22689,9,16
22690,30,17
22691,2,20
22692,2,42
22693,8,10
22694,2,34
22695,13,18
22696,5,0
22697,14,29
22698,8,0
22699,14,7
22700,20,20
22701,17,30
22702,15,16
22703,6,26
22704,5,14
22705,14,15
22706,38,51
22707,0,3
22708,32,25
22709,5,4
22710,17,13
22711,18,0
22712,0,0
22713,15,4
22714,0,1
22715,12,13
22716,9,0
22717,14,9
22718,50,50
22719,43,24
22720,14,19
22721,5,17
22722,9,24
22723,52,11
22724,5,0
22725,27,1
22726,16,16
22727,0,0
22728,18,20
22729,11,0
22730,8,3
22731,14,4
22732,0,0
22733,11,16
22734,0,14
22735,9,50
22736,0,11
22737,17,11
22738,7,35
22739,1,19
22740,3,0
22741,6,30
22742,12,17
22743,20,23
22744,16,22
22745,0,31
22746,3,1
22747,6,8
22748,42,3
22749,3,9
22750,0,0
22751,0,27
22752,9,0
22753,28,0
22754,0,9
22755,0,0
22756,0,4
22757,3,0
22758,3,0
22759,10,3
22760,2,0
22761,0,0
22762,19,21
22763,0,0
22764,0,0
22765,1,2
22766,0,0
22767,12,2
22768,0,21
22769,0,0
22770,0,0
22771,0,0
22772,0,0
22773,0,8
22774,0,0
22775,2,0
22776,0,0
22777,0,12
22778,0,0
22779,1,4
22780,0,0
22781,0,0
22782,10,14
22783,0,0
22784,0,0
22785,8,0
22786,18,0
22787,0,0
22788,0,0
22789,0,0
22790,0,3
22791,0,0
22792,0,0
22793,0,0
22794,0,0
22795,0,0
22796,0,0
22797,0,0
22798,0,0
22799,0,0
22800,0,0
22801,0,0
22802,0,0
22803,0,0
22804,3,0
22805,0,0
22806,0,0
22807,0,0
22808,0,0
22809,0,0
22810,0,0
22811,0,0
22812,0,0
22813,0,0
22814,0,0
22815,0,0
22816,0,0
22817,0,0
22818,0,0
22819,0,0
22820,0,5
22821,9,17
22822,0,0
22823,0,0
22824,4,0
22825,0,0
22826,2,0
22827,0,0
22828,4,0
22829,0,0
22830,0,0
22831,6,0
22832,0,40
22833,0,1
22834,0,0
22835,0,2
22836,1,11
22837,2,0
22838,0,0
22839,23,0
22840,0,0
22841,12,17
22842,0,0
22843,1,0
22844,0,11
22845,0,0
22846,0,0
22847,0,0
22848,5,0
22849,0,3
22850,0,0
22851,5,0
22852,0,0
22853,0,0
22854,0,2
22855,16,0
22856,0,0
22857,3,42
22858,0,0
22859,57,15
22860,0,0
22861,30,11
22862,20,7
22863,1,0
22864,3,18
22865,6,0
22866,2,37
22867,13,5
22868,0,0
22869,0,0
22870,7,3
22871,17,18
22872,0,0
22873,16,4
22874,15,6
22875,12,0
22876,5,13
22877,0,0
22878,12,18
22879,8,6
22880,5,3
22881,14,5
22882,34,0
22883,5,2
22884,0,0
22885,1,21
22886,1,4
22887,10,0
22888,34,54
22889,4,25
22890,0,9
22891,9,29
22892,1,19
22893,16,2
22894,8,0
22895,0,0
22896,0,31
22897,39,31
22898,12,42
22899,6,1
22900,44,59
22901,0,8
22902,78,64
22903,1,4
22904,13,13
22905,13,10
22906,2,9
22907,38,26
22908,9,26
22909,17,4
22910,15,11
22911,61,20
22912,14,1
22913,52,25
22914,21,19
22915,40,58
22916,14,1
22917,31,27
22918,25,28
22919,27,48
22920,3,0
22921,12,21
22922,21,13
22923,28,3
22924,0,0
22925,0,0
22926,6,8
22927,4,5
22928,0,0
22929,0,21
22930,0,14
22931,22,1
22932,0,9
22933,0,0
22934,0,9
22935,0,0
22936,0,27
22937,15,26
22938,0,3
22939,0,5
22940,1,4
22941,19,26
22942,10,20
22943,7,22
22944,43,43
22945,24,58
22946,24,4
22947,1,12
22948,0,5
22949,3,0
22950,7,16
22951,18,5
22952,10,18
22953,18,0
22954,2,24
22955,5,18
22956,12,0
22957,35,7
22958,7,0
22959,11,17
22960,0,0
22961,0,0
22962,0,0
22963,0,1
22964,0,3
22965,0,0
22966,0,0
22967,0,0
22968,0,0
22969,0,3
22970,0,0
22971,0,0
22972,0,39
22973,0,0
22974,0,0
22975,2,0
22976,0,0
22977,0,0
22978,0,0
22979,0,0
22980,14,5
22981,3,18
22982,22,15
22983,11,9
22984,11,0
22985,19,23
22986,8,54
22987,26,2
22988,1,0
22989,1,0
22990,1,22
22991,0,4
22992,7,0
22993,0,26
22994,0,0
22995,2,0
22996,5,0
22997,39,0
22998,10,0
22999,33,2
23000,6,0
23001,0,0
23002,12,4
23003,7,10
23004,0,4
23005,2,30
23006,22,13
23007,13,17
23008,19,43
23009,7,29
23010,1,9
23011,4,4
23012,3,20
23013,30,19
23014,23,17
23015,9,0
23016,0,0
23017,2,14
23018,65,26
23019,12,11
23020,11,0
23021,19,32
23022,0,2
23023,20,1
23024,23,2
23025,4,3
23026,30,47
23027,31,2
23028,17,22
23029,24,0
23030,14,5
23031,68,62
23032,10,17
23033,18,38
23034,15,14
23035,33,40
23036,25,39
23037,32,44
23038,0,0
23039,54,9
23040,0,0
23041,0,0
23042,1,0
23043,9,15
23044,0,2
23045,3,0
23046,0,0
23047,8,6
23048,1,10
23049,0,6
23050,4,0
23051,3,4
23052,10,3
23053,4,2
23054,13,0
23055,0,0
23056,7,0
23057,0,0
23058,0,0
23059,1,8
23060,14,5
23061,13,40
23062,21,3
23063,16,16
23064,3,25
23065,14,9
23066,38,7
23067,8,17
23068,17,0
23069,10,18
23070,24,1
23071,19,8
23072,4,12
23073,2,18
23074,7,6
23075,21,11
23076,16,0
23077,13,20
23078,4,6
23079,11,49
23080,0,27
23081,23,42
23082,0,0
23083,6,17
23084,18,6
23085,10,9
23086,31,10
23087,4,4
23088,2,5
23089,10,0
23090,2,2
23091,9,5
23092,14,0
23093,35,23
23094,10,0
23095,5,4
23096,0,0
23097,22,41
23098,8,8
23099,25,39
23100,10,39
23101,7,27
23102,1,16
23103,0,4
23104,1,0
23105,0,0
23106,1,5
23107,13,9
23108,25,67
23109,0,0
23110,2,0
23111,6,10
23112,13,5
23113,3,1
23114,4,11
23115,4,1
23116,7,2
23117,22,33
23118,7,0
23119,8,41
23120,0,3
23121,7,3
23122,69,9
23123,0,0
23124,5,4
23125,12,52
23126,20,24
23127,36,3
23128,3,9
23129,35,0
23130,23,1
23131,12,0
23132,0,0
23133,7,0
23134,1,0
23135,13,25
23136,14,6
23137,9,30
23138,12,15
23139,10,0
23140,23,0
23141,0,0
23142,26,0
23143,0,0
23144,0,0
23145,7,0
23146,2,0
23147,0,9
23148,0,12
23149,0,44
23150,0,0
23151,1,8
23152,0,0
23153,0,0
23154,0,0
23155,0,0
23156,0,0
23157,0,13
23158,6,0
23159,7,2
23160,5,5
23161,26,7
23162,13,2
23163,1,0
23164,8,29
23165,3,12
23166,5,3
23167,15,14
23168,5,11
23169,0,0
23170,8,26
23171,0,0
23172,4,5
23173,0,32
23174,33,11
23175,0,59
23176,1,0
23177,3,6
23178,36,17
23179,13,2
23180,2,6
23181,3,0
23182,0,0
23183,0,0
23184,0,0
23185,0,0
23186,8,14
23187,1,0
23188,15,10
23189,9,6
23190,0,8
23191,0,38
23192,1,23
23193,3,0
23194,14,21
23195,1,3
23196,0,11
23197,0,0
23198,7,0
23199,2,14
23200,8,57
23201,16,4
23202,46,5
23203,25,0
23204,33,29
23205,15,1
23206,3,46
23207,8,0
23208,36,8
23209,10,10
23210,16,0
23211,27,6
23212,3,33
23213,15,20
23214,0,0
23215,37,18
23216,16,14
23217,0,26
23218,5,43
23219,3,6
23220,60,21
23221,20,75
23222,13,42
23223,0,0
23224,16,0
23225,18,14
23226,3,36
23227,2,8
23228,25,25
23229,9,3
23230,0,0
23231,5,3
23232,2,0
23233,8,17
23234,0,0
23235,0,0
23236,2,15
23237,17,63
23238,0,10
23239,40,12
23240,9,23
23241,11,0
23242,0,0
23243,13,15
23244,0,0
23245,11,89
23246,63,11
23247,14,0
23248,0,2
23249,43,1
23250,19,0
23251,9,23
23252,0,0
23253,14,14
23254,6,37
23255,0,0
23256,16,0
23257,13,1
23258,4,1
23259,3,7
23260,8,0
23261,0,0
23262,47,33
23263,10,10
23264,2,0
23265,0,0
23266,0,0
23267,0,5
23268,1,2
23269,2,0
23270,20,3
23271,0,0
23272,0,0
23273,62,0
23274,7,26
23275,51,0
23276,9,3
23277,12,1
23278,0,0
23279,2,0
23280,23,0
23281,8,3
23282,22,1
23283,0,0
23284,26,2
23285,13,11
23286,8,8
23287,22,15
23288,19,30
23289,0,0
23290,0,0
23291,8,16
23292,0,0
23293,0,3
23294,3,1
23295,1,1
23296,17,0
23297,0,6
23298,0,0
23299,20,36
23300,0,5
23301,0,2
23302,11,17
23303,0,0
23304,5,0
23305,0,7
23306,12,7
23307,15,44
23308,31,32
23309,1,33
23310,7,1
23311,29,7
23312,10,20
23313,13,8
23314,4,0
23315,2,28
23316,0,3
23317,40,12
23318,7,15
23319,10,53
23320,0,0
23321,0,0
23322,0,0
23323,0,0
23324,0,0
23325,0,0
23326,0,0
23327,0,0
23328,0,0
23329,0,0
23330,0,0
23331,0,0
23332,0,0
23333,0,0
23334,0,0
23335,0,0
23336,0,0
23337,0,0
23338,0,0
23339,0,0
23340,0,13
23341,10,35
23342,58,7
23343,6,2
23344,24,17
23345,6,71
23346,19,5
23347,12,1
23348,5,33
23349,38,3
23350,20,13
23351,20,2
23352,13,11
23353,24,37
23354,6,3
23355,2,7
23356,0,5
23357,40,3
23358,20,37
23359,22,21
23360,11,1
23361,43,27
23362,31,45
23363,56,43
23364,60,42
23365,8,6
23366,11,37
23367,18,40
23368,38,19
23369,54,43
23370,9,38
23371,38,47
23372,18,42
23373,43,38
23374,89,41
23375,34,57
23376,12,32
23377,55,42
23378,40,36
23379,13,5
23380,23,8
23381,65,64
23382,43,19
23383,71,19
23384,15,15
23385,15,9
23386,29,67
23387,51,8
23388,27,36
23389,54,34
23390,36,21
23391,35,32
23392,11,28
23393,48,10
23394,26,22
23395,57,164
23396,7,5
23397,43,18
23398,29,31
23399,32,88
23400,43,17
23401,24,51
23402,59,12
23403,52,29
23404,18,18
23405,15,35
23406,44,58
23407,15,0
23408,31,5
23409,12,4
23410,25,30
23411,28,10
23412,21,21
23413,43,47
23414,15,20
23415,18,13
23416,7,18
23417,26,4
23418,1,12
23419,30,46
23420,17,10
23421,13,12
23422,43,62
23423,15,8
23424,2,7
23425,4,33
23426,17,19
23427,46,98
23428,15,14
23429,10,54
23430,16,1
23431,24,19
23432,10,3
23433,5,10
23434,22,55
23435,10,11
23436,6,0
23437,17,56
23438,27,17
23439,23,1
23440,0,3
23441,0,0
23442,6,4
23443,9,6
23444,5,0
23445,14,16
23446,0,5
23447,0,0
23448,0,0
23449,6,3
23450,4,0
23451,11,2
23452,8,0
23453,3,0
23454,2,5
23455,0,0
23456,10,10
23457,5,4
23458,4,0
23459,11,29
23460,16,17
23461,0,10
23462,7,7
23463,21,0
23464,23,1
23465,13,8
23466,16,21
23467,13,2
23468,2,0
23469,0,1
23470,39,33
23471,15,41
23472,0,0
23473,11,1
23474,10,37
23475,0,0
23476,18,5
23477,10,8
23478,0,8
23479,19,7
23480,16,2
23481,24,33
23482,24,26
23483,5,21
23484,42,0
23485,8,28
23486,33,34
23487,21,43
23488,24,66
23489,2,0
23490,9,1
23491,0,1
23492,24,0
23493,7,11
23494,12,36
23495,1,1
23496,0,11
23497,28,2
23498,13,14
23499,35,11
23500,29,0
23501,29,50
23502,25,28
23503,4,15
23504,66,60
23505,4,19
23506,19,57
23507,3,11
23508,0,0
23509,23,4
23510,40,23
23511,32,44
23512,9,16
23513,16,11
23514,12,20
23515,21,30
23516,42,15
23517,1,42
23518,22,24
23519,20,0
23520,0,28
23521,25,5
23522,7,0
23523,1,0
23524,31,12
23525,1,10
23526,9,18
23527,0,13
23528,0,14
23529,4,1
23530,0,0
23531,6,3
23532,2,0
23533,21,18
23534,0,25
23535,2,4
23536,24,34
23537,1,0
23538,9,23
23539,22,28
23540,0,0
23541,0,0
23542,0,0
23543,0,0
23544,0,0
23545,0,0
23546,0,0
23547,0,0
23548,0,0
23549,0,0
23550,0,0
23551,0,0
23552,0,0
23553,0,0
23554,0,0
23555,0,0
23556,0,0
23557,0,0
23558,0,0
23559,0,0
23560,23,26
23561,35,11
23562,14,38
23563,41,6
23564,21,50
23565,31,36
23566,30,39
23567,39,41
23568,9,60
23569,16,9
23570,24,11
23571,63,27
23572,22,38
23573,23,17
23574,44,59
23575,45,6
23576,24,40
23577,26,37
23578,21,10
23579,21,76
23580,30,128
23581,47,80
23582,17,3
23583,35,43
23584,2,11
23585,17,56
23586,27,32
23587,38,29
23588,41,14
23589,12,33
23590,23,17
23591,33,63
23592,0,0
23593,18,34
23594,62,27
23595,1,2
23596,83,73
23597,36,25
23598,25,37
23599,0,31
23600,45,13
23601,36,62
23602,23,24
23603,35,37
23604,43,44
23605,38,141
23606,40,35
23607,49,14
23608,29,39
23609,60,89
23610,47,39
23611,46,4
23612,8,56
23613,79,61
23614,22,49
23615,18,14
23616,13,17
23617,28,27
23618,45,14
23619,49,74
23620,22,17
23621,76,29
23622,59,96
23623,29,0
23624,13,16
23625,49,34
23626,24,24
23627,4,19
23628,39,24
23629,13,0
23630,35,64
23631,33,26
23632,5,8
23633,9,4
23634,36,12
23635,1,21
23636,26,4
23637,10,0
23638,3,20
23639,11,10
23640,14,34
23641,3,1
23642,18,18
23643,18,20
23644,23,40
23645,53,133
23646,12,6
23647,11,7
23648,10,6
23649,18,11
23650,0,1
23651,19,10
23652,0,0
23653,28,0
23654,23,58
23655,26,29
23656,0,16
23657,50,107
23658,22,0
23659,11,14
23660,23,28
23661,25,32
23662,51,38
23663,36,10
23664,10,19
23665,26,11
23666,68,61
23667,17,11
23668,48,23
23669,5,19
23670,25,16
23671,20,17
23672,24,24
23673,29,54
23674,20,0
23675,0,0
23676,1,48
23677,27,41
23678,41,28
23679,23,44
23680,50,93
23681,42,58
23682,26,46
23683,68,39
23684,1,0
23685,59,27
23686,23,12
23687,5,108
23688,49,21
23689,60,69
23690,32,4
23691,4,3
23692,25,69
23693,41,28
23694,111,115
23695,21,62
23696,46,11
23697,10,76
23698,19,3
23699,18,24
23700,23,41
23701,15,46
23702,1,26
23703,15,30
23704,0,2
23705,6,6
23706,37,32
23707,44,20
23708,0,22
23709,4,16
23710,16,15
23711,2,10
23712,18,48
23713,13,14
23714,13,21
23715,2,2
23716,19,11
23717,42,21
23718,14,17
23719,22,11
23720,1,3
23721,0,43
23722,0,0
23723,5,2
23724,0,0
23725,0,54
23726,6,1
23727,3,28
23728,3,4
23729,2,0
23730,0,0
23731,0,0
23732,33,0
23733,6,14
23734,6,0
23735,37,0
23736,5,0
23737,0,1
23738,1,0
23739,1,9
23740,23,5
23741,8,30
23742,16,7
23743,24,23
23744,4,17
23745,11,20
23746,20,0
23747,24,25
23748,15,29
23749,0,0
23750,12,11
23751,10,46
23752,14,0
23753,14,0
23754,0,0
23755,29,1
23756,0,1
23757,3,16
23758,14,35
23759,17,0
23760,8,39
23761,15,3
23762,46,6
23763,1,7
23764,14,9
23765,0,0
23766,14,0
23767,14,1
23768,21,25
23769,6,22
23770,15,10
23771,29,10
23772,29,10
23773,26,18
23774,8,42
23775,26,34
23776,4,5
23777,16,0
23778,3,17
23779,48,71
23780,10,14
23781,7,4
23782,7,1
23783,0,0
23784,3,0
23785,11,8
23786,11,0
23787,20,20
23788,10,74
23789,21,16
23790,35,18
23791,18,37
23792,2,0
23793,0,0
23794,1,19
23795,5,0
23796,2,16
23797,10,8
23798,11,15
23799,21,15
23800,4,50
23801,22,39
23802,12,2
23803,27,1
23804,7,16
23805,16,0
23806,5,17
23807,0,3
23808,12,0
23809,15,23
23810,0,0
23811,32,4
23812,5,13
23813,22,19
23814,4,0
23815,10,0
23816,8,10
23817,11,1
23818,8,24
23819,15,10
23820,0,0
23821,4,0
23822,0,0
23823,4,4
23824,0,0
23825,5,19
23826,0,0
23827,0,0
23828,7,42
23829,0,0
23830,0,0
23831,3,0
23832,10,0
23833,16,0
23834,2,0
23835,11,0
23836,0,0
23837,0,0
23838,0,3
23839,0,0
23840,4,0
23841,25,48
23842,18,15
23843,0,0
23844,8,1
23845,16,1
23846,8,7
23847,9,54
23848,25,0
23849,0,5
23850,0,25
23851,0,0
23852,3,34
23853,17,40
23854,1,0
23855,17,16
23856,1,0
23857,1,2
23858,12,0
23859,38,28
23860,25,13
23861,20,0
23862,8,18
23863,23,24
23864,23,27
23865,16,37
23866,0,22
23867,0,4
23868,26,0
23869,22,5
23870,28,8
23871,19,6
23872,14,44
23873,4,32
23874,0,22
23875,5,0
23876,12,0
23877,19,0
23878,4,15
23879,12,47
23880,12,72
23881,15,19
23882,53,22
23883,19,44
23884,0,0
23885,29,10
23886,4,21
23887,13,62
23888,19,0
23889,7,11
23890,43,19
23891,49,17
23892,49,29
23893,9,102
23894,25,20
23895,8,0
23896,7,35
23897,20,39
23898,86,0
23899,0,0
23900,3,0
23901,8,14
23902,3,0
23903,1,21
23904,9,25
23905,26,0
23906,18,16
23907,7,2
23908,23,17
23909,14,8
23910,32,0
23911,35,15
23912,24,0
23913,0,44
23914,1,0
23915,0,0
23916,5,35
23917,23,0
23918,13,0
23919,39,10
23920,0,0
23921,0,0
23922,7,22
23923,1,0
23924,23,8
23925,28,25
23926,0,1
23927,15,11
23928,2,2
23929,0,5
23930,5,0
23931,11,3
23932,15,42
23933,0,0
23934,2,0
23935,23,9
23936,0,0
23937,0,6
23938,4,3
23939,19,15
23940,0,2
23941,16,8
23942,0,0
23943,1,0
23944,1,0
23945,0,0
23946,22,0
23947,8,18
23948,0,0
23949,16,26
23950,0,1
23951,0,7
23952,4,1
23953,9,20
23954,10,1
23955,10,8
23956,0,0
23957,10,0
23958,11,4
23959,0,1
23960,1,6
23961,0,1
23962,0,7
23963,22,7
23964,16,4
23965,4,5
23966,4,11
23967,13,25
23968,0,0
23969,0,0
23970,14,53
23971,4,0
23972,17,3
23973,1,20
23974,3,13
23975,0,1
23976,4,0
23977,1,0
23978,5,0
23979,2,1
23980,8,29
23981,4,4
23982,22,41
23983,22,7
23984,12,36
23985,4,22
23986,1,1
23987,23,21
23988,40,27
23989,9,2
23990,15,30
23991,11,0
23992,6,2
23993,2,13
23994,7,0
23995,10,8
23996,8,4
23997,8,11
23998,29,13
23999,6,0
24000,20,9
24001,12,19
24002,4,0
24003,28,17
24004,23,11
24005,16,5
24006,8,8
24007,1,0
24008,25,0
24009,0,5
24010,22,30
24011,30,0
24012,5,1
24013,3,25
24014,14,0
24015,36,0
24016,4,8
24017,14,3
24018,0,0
24019,30,37
24020,0,3
24021,2,0
24022,0,0
24023,21,2
24024,4,0
24025,7,49
24026,9,8
24027,6,0
24028,0,0
24029,6,7
24030,0,0
24031,0,1
24032,11,5
24033,4,0
24034,12,0
24035,10,0
24036,0,0
24037,26,0
24038,0,14
24039,3,1
24040,6,16
24041,31,113
24042,20,1
24043,36,0
24044,12,4
24045,55,27
24046,14,13
24047,30,27
24048,56,78
24049,8,16
24050,34,39
24051,27,36
24052,11,48
24053,45,50
24054,57,26
24055,39,20
24056,18,35
24057,11,40
24058,0,22
24059,41,22
24060,33,22
24061,20,23
24062,85,34
24063,37,5
24064,14,32
24065,10,19
24066,48,20
24067,30,0
24068,60,19
24069,29,32
24070,15,15
24071,31,91
24072,15,10
24073,20,8
24074,28,42
24075,7,42
24076,18,12
24077,27,2
24078,20,0
24079,36,12
24080,11,38
24081,8,1
24082,5,20
24083,3,15
24084,37,5
24085,16,56
24086,0,22
24087,1,0
24088,10,3
24089,11,1
24090,28,12
24091,2,0
24092,2,13
24093,27,0
24094,3,10
24095,3,0
24096,7,0
24097,8,32
24098,1,0
24099,0,33
24100,12,91
24101,15,97
24102,41,59
24103,21,2
24104,49,9
24105,12,47
24106,36,2
24107,16,33
24108,18,11
24109,18,10
24110,4,8
24111,40,65
24112,21,30
24113,46,14
24114,30,23
24115,32,48
24116,62,13
24117,14,43
24118,0,19
24119,17,6
24120,16,10
24121,7,66
24122,4,43
24123,22,19
24124,15,51
24125,37,35
24126,17,2
24127,29,22
24128,25,135
24129,14,0
24130,16,22
24131,18,73
24132,36,37
24133,43,51
24134,7,56
24135,18,2
24136,40,20
24137,6,9
24138,22,35
24139,8,34
24140,6,24
24141,19,46
24142,23,19
24143,0,39
24144,10,0
24145,24,39
24146,0,61
24147,22,10
24148,0,10
24149,25,8
24150,37,7
24151,27,10
24152,37,36
24153,3,16
24154,43,16
24155,18,0
24156,8,2
24157,23,59
24158,17,26
24159,5,22
24160,15,3
24161,0,0
24162,20,20
24163,30,22
24164,8,5
24165,20,0
24166,6,9
24167,2,30
24168,4,11
24169,3,39
24170,5,8
24171,39,13
24172,10,31
24173,11,4
24174,16,11
24175,37,9
24176,10,8
24177,9,7
24178,9,5
24179,22,55
24180,57,15
24181,48,97
24182,65,65
24183,7,25
24184,93,104
24185,33,19
24186,40,36
24187,69,82
24188,37,83
24189,36,47
24190,32,10
24191,35,41
24192,18,63
24193,101,40
24194,28,0
24195,11,33
24196,126,65
24197,17,62
24198,29,13
24199,34,78
24200,68,44
24201,43,4
24202,92,22
24203,20,20
24204,19,31
24205,24,6
24206,13,14
24207,11,0
24208,41,3
24209,16,13
24210,26,9
24211,14,9
24212,31,26
24213,28,12
24214,14,91
24215,27,0
24216,18,10
24217,26,38
24218,21,40
24219,42,81
24220,19,0
24221,0,6
24222,6,28
24223,23,0
24224,0,6
24225,25,0
24226,39,7
24227,13,13
24228,2,25
24229,12,38
24230,3,0
24231,31,3
24232,22,1
24233,0,23
24234,35,0
24235,34,0
24236,9,36
24237,7,34
24238,0,13
24239,26,51
24240,0,0
24241,16,0
24242,0,58
24243,21,32
24244,0,14
24245,9,33
24246,0,5
24247,0,2
24248,0,0
24249,23,0
24250,7,0
24251,21,2
24252,0,0
24253,0,0
24254,16,4
24255,13,0
24256,0,8
24257,39,12
24258,0,7
24259,1,6
24260,22,6
24261,0,0
24262,2,9
24263,18,12
24264,1,7
24265,0,0
24266,5,0
24267,0,24
24268,13,0
24269,9,0
24270,41,0
24271,19,2
24272,27,1
24273,10,0
24274,17,0
24275,12,11
24276,6,0
24277,11,21
24278,1,0
24279,3,1
24280,4,0
24281,15,19
24282,23,49
24283,21,8
24284,4,0
24285,7,0
24286,0,42
24287,0,6
24288,11,10
24289,4,1
24290,24,25
24291,13,40
24292,8,3
24293,11,15
24294,32,21
24295,24,10
24296,6,5
24297,13,10
24298,0,0
24299,13,0
24300,0,45
24301,0,0
24302,18,1
24303,5,19
24304,0,2
24305,7,21
24306,35,0
24307,0,75
24308,4,21
24309,6,11
24310,2,0
24311,15,0
24312,3,26
24313,4,6
24314,6,3
24315,28,18
24316,1,15
24317,0,8
24318,27,0
24319,9,0
24320,0,0
24321,0,0
24322,0,0
24323,0,0
24324,0,13
24325,0,0
24326,0,0
24327,0,0
24328,0,0
24329,0,0
24330,0,0
24331,0,0
24332,0,0
24333,0,0
24334,0,0
24335,0,0
24336,0,0
24337,0,0
24338,0,0
24339,0,0
24340,17,2
24341,8,4
24342,8,25
24343,0,0
24344,0,0
24345,6,1
24346,7,30
24347,8,2
24348,24,37
24349,5,37
24350,4,0
24351,27,26
24352,0,0
24353,18,0
24354,22,15
24355,0,21
24356,19,0
24357,0,23
24358,17,5
24359,12,31
24360,0,8
24361,11,17
24362,0,0
24363,11,9
24364,47,0
24365,0,0
24366,3,16
24367,8,0
24368,0,9
24369,1,7
24370,0,11
24371,23,33
24372,8,0
24373,12,0
24374,11,0
24375,0,0
24376,0,0
24377,0,0
24378,0,0
24379,0,0
24380,12,7
24381,9,13
24382,6,0
24383,0,1
24384,0,1
24385,11,0
24386,0,25
24387,0,0
24388,0,0
24389,20,1
24390,0,5
24391,16,2
24392,0,0
24393,6,0
24394,19,0
24395,0,0
24396,4,0
24397,31,12
24398,11,3
24399,45,0
24400,0,0
24401,9,8
24402,0,0
24403,0,0
24404,3,35
24405,5,1
24406,1,10
24407,2,2
24408,0,11
24409,1,0
24410,0,0
24411,0,0
24412,3,1
24413,0,0
24414,0,0
24415,0,0
24416,0,3
24417,13,2
24418,0,7
24419,8,0
24420,0,0
24421,0,29
24422,26,0
24423,0,0
24424,25,19
24425,2,1
24426,9,0
24427,0,0
24428,5,0
24429,7,0
24430,0,12
24431,0,10
24432,1,0
24433,21,0
24434,1,0
24435,3,14
24436,5,13
24437,25,7
24438,0,0
24439,16,9
24440,0,0
24441,0,0
24442,4,2
24443,1,1
24444,0,0
24445,9,2
24446,0,0
24447,9,20
24448,10,0
24449,0,15
24450,0,13
24451,0,0
24452,1,8
24453,0,2
24454,1,19
24455,0,0
24456,10,0
24457,0,0
24458,4,0
24459,20,15
24460,0,0
24461,0,0
24462,11,0
24463,4,15
24464,0,0
24465,0,0
24466,1,8
24467,1,0
24468,0,0
24469,0,3
24470,0,0
24471,9,1
24472,0,1
24473,0,0
24474,0,0
24475,6,7
24476,1,0
24477,0,0
24478,11,8
24479,1,0
24480,14,0
24481,22,3
24482,3,0
24483,4,0
24484,0,0
24485,0,0
24486,3,3
24487,3,0
24488,13,7
24489,0,0
24490,0,12
24491,0,0
24492,1,0
24493,0,19
24494,0,0
24495,32,0
24496,6,0
24497,1,1
24498,37,1
24499,32,7
24500,15,0
24501,21,3
24502,8,0
24503,1,20
24504,0,0
24505,26,0
24506,13,10
24507,22,20
24508,19,2
24509,2,0
24510,16,29
24511,21,4
24512,5,0
24513,11,8
24514,4,10
24515,23,6
24516,0,8
24517,12,43
24518,12,8
24519,14,19
24520,11,3
24521,4,0
24522,1,16
24523,7,0
24524,1,4
24525,6,9
24526,0,0
24527,24,21
24528,19,21
24529,0,0
24530,0,0
24531,0,50
24532,0,3
24533,29,0
24534,17,0
24535,0,0
24536,0,10
24537,0,0
24538,6,12
24539,51,35
24540,0,16
24541,4,18
24542,0,40
24543,4,21
24544,29,8
24545,26,13
24546,6,8
24547,3,15
24548,65,31
24549,86,10
24550,31,32
24551,23,19
24552,8,3
24553,0,31
24554,6,31
24555,33,4
24556,0,11
24557,18,23
24558,18,45
24559,5,6
24560,82,10
24561,23,117
24562,41,49
24563,32,41
24564,6,14
24565,35,1
24566,79,49
24567,2,28
24568,35,1
24569,3,11
24570,31,51
24571,32,15
24572,6,13
24573,24,2
24574,54,3
24575,4,2
24576,18,21
24577,1,3
24578,15,4
24579,20,89
24580,3,19
24581,22,1
24582,1,29
24583,16,0
24584,3,0
24585,15,4
24586,73,7
24587,0,4
24588,66,39
24589,7,5
24590,0,0
24591,40,38
24592,0,0
24593,7,9
24594,9,6
24595,0,0
24596,9,16
24597,0,0
24598,8,0
24599,58,3
24600,44,43
24601,23,11
24602,18,23
24603,45,36
24604,37,1
24605,67,14
24606,41,26
24607,1,20
24608,43,47
24609,3,35
24610,6,5
24611,12,0
24612,0,5
24613,11,58
24614,3,22
24615,11,8
24616,36,3
24617,0,35
24618,116,47
24619,12,46
24620,37,51
24621,55,44
24622,19,42
24623,36,33
24624,77,33
24625,87,24
24626,22,37
24627,16,30
24628,54,62
24629,22,7
24630,3,0
24631,30,56
24632,13,1
24633,47,35
24634,25,31
24635,36,80
24636,29,23
24637,21,106
24638,36,40
24639,20,51
24640,13,6
24641,29,6
24642,26,25
24643,47,27
24644,32,18
24645,36,2
24646,0,10
24647,12,17
24648,5,1
24649,8,1
24650,4,17
24651,1,25
24652,0,0
24653,0,0
24654,16,22
24655,0,0
24656,18,13
24657,1,11
24658,13,12
24659,16,13
24660,40,59
24661,27,5
24662,0,2
24663,20,50
24664,60,0
24665,8,44
24666,58,8
24667,10,51
24668,26,43
24669,74,20
24670,24,21
24671,1,9
24672,39,48
24673,26,43
24674,13,78
24675,65,71
24676,23,29
24677,53,146
24678,37,7
24679,53,28
24680,0,0
24681,0,0
24682,0,0
24683,0,0
24684,0,0
24685,0,0
24686,0,0
24687,0,0
24688,7,0
24689,0,0
24690,0,0
24691,0,0
24692,0,0
24693,10,0
24694,0,0
24695,0,6
24696,0,0
24697,5,0
24698,0,0
24699,0,0
24700,47,76
24701,104,132
24702,198,90
24703,32,71
24704,21,0
24705,89,69
24706,90,65
24707,30,31
24708,68,73
24709,59,25
24710,9,29
24711,91,61
24712,11,58
24713,69,15
24714,38,16
24715,48,14
24716,77,60
24717,51,16
24718,52,17
24719,58,74
24720,91,68
24721,57,57
24722,91,105
24723,52,28
24724,72,69
24725,6,39
24726,78,23
24727,48,64
24728,70,8
24729,85,60
24730,25,58
24731,129,214
24732,29,72
24733,15,48
24734,124,45
24735,54,6
24736,103,105
24737,34,23
24738,160,119
24739,33,67
24740,63,64
24741,51,94
24742,79,85
24743,39,49
24744,41,90
24745,80,80
24746,50,96
24747,53,1
24748,56,54
24749,27,97
24750,18,13
24751,29,18
24752,104,72
24753,47,37
24754,29,27
24755,71,50
24756,15,14
24757,18,19
24758,35,15
24759,91,28
24760,31,20
24761,184,243
24762,13,22
24763,16,52
24764,58,16
24765,44,106
24766,23,24
24767,30,53
24768,37,31
24769,38,34
24770,32,8
24771,60,188
24772,28,12
24773,15,2
24774,9,27
24775,5,92
24776,25,25
24777,94,39
24778,32,8
24779,44,9
24780,30,28
24781,42,72
24782,113,17
24783,19,41
24784,18,50
24785,22,35
24786,57,12
24787,66,154
24788,62,18
24789,24,17
24790,33,19
24791,23,50
24792,42,101
24793,16,68
24794,43,13
24795,5,47
24796,20,55
24797,53,63
24798,16,2
24799,128,28
24800,89,96
24801,440,309
24802,194,115
24803,41,13
24804,272,293
24805,243,174
24806,90,94
24807,41,72
24808,55,93
24809,92,121
24810,109,154
24811,149,111
24812,105,60
24813,125,102
24814,42,44
24815,183,259
24816,36,48
24817,235,176
24818,107,34
24819,40,41
24820,43,28
24821,16,12
24822,55,27
24823,14,26
24824,64,15
24825,94,128
24826,11,2
24827,24,70
24828,34,66
24829,41,46
24830,21,0
24831,18,0
24832,24,45
24833,24,31
24834,16,24
24835,34,13
24836,53,47
24837,20,6
24838,17,43
24839,21,40
